600
2.4259086310e+01 0.0000000000e+00
2.4259086692e+01 3.3780288777e-06
2.4259087073e+01 4.7772543221e-06
2.4259087836e+01 6.7560580174e-06
2.4259089362e+01 9.5545093350e-06
2.4259092414e+01 1.3512117997e-05
2.4259098517e+01 1.9109024244e-05
2.4259110724e+01 2.7024251754e-05
2.4259135138e+01 3.8218093055e-05
2.4259183967e+01 5.4048629566e-05
2.4259281623e+01 7.6436542660e-05
2.4259476935e+01 1.0809826760e-04
2.4259867560e+01 1.5287593768e-04
2.4260648810e+01 2.1620460277e-04
2.4262211310e+01 3.0577469318e-04
2.4265336310e+01 4.3247374006e-04
2.4271586310e+01 6.1173189484e-04
2.4284086310e+01 8.6546356377e-04
2.4309086310e+01 1.2249227698e-03
2.4359086310e+01 1.7350496565e-03
2.4459086310e+01 2.4614827902e-03
2.4629623219e+01 3.3627800000e-03
2.4800928570e+01 4.1440200000e-03
2.5003805031e+01 4.9701800000e-03
2.5237739249e+01 5.8512500000e-03
2.5502063867e+01 6.7983100000e-03
2.5796060195e+01 7.8236900000e-03
2.6118958205e+01 8.9411500000e-03
2.6469885200e+01 1.0166000000e-02
2.6847865811e+01 1.1515300000e-02
2.7251924672e+01 1.3007900000e-02
2.7680932409e+01 1.4665000000e-02
2.8133759650e+01 1.6509600000e-02
2.8609174351e+01 1.8567500000e-02
2.9105893134e+01 2.0866700000e-02
2.9622581285e+01 2.3438100000e-02
3.0157852755e+01 2.6315300000e-02
3.0710270161e+01 2.9535300000e-02
3.1278293448e+01 3.3137900000e-02
3.1860485234e+01 3.7166600000e-02
3.2455151457e+01 4.1668600000e-02
3.3060803400e+01 4.6695100000e-02
3.3675747002e+01 5.2301400000e-02
3.4298339540e+01 5.8547500000e-02
3.4926938289e+01 6.5498600000e-02
3.5559797854e+01 7.3225100000e-02
3.6195224176e+01 8.1803600000e-02
3.6831471861e+01 9.1317300000e-02
3.7466898183e+01 1.0185700000e-01
3.8099757748e+01 1.1352000000e-01
3.8728305161e+01 1.2641400000e-01
3.9350897699e+01 1.4065500000e-01
3.9965841302e+01 1.5637100000e-01
4.0571493245e+01 1.7369700000e-01
4.1166210803e+01 1.9278300000e-01
4.1748351253e+01 2.1378700000e-01
4.2316425876e+01 2.3687800000e-01
4.2868843282e+01 2.6223100000e-01
4.3404114752e+01 2.9002600000e-01
4.3920802903e+01 3.2044200000e-01
4.4417521686e+01 3.5364500000e-01
4.4892936387e+01 3.8977600000e-01
4.5345763628e+01 4.2893100000e-01
4.5774771365e+01 4.7114100000e-01
4.6178830226e+01 5.1633500000e-01
4.6556810837e+01 5.6430800000e-01
4.6907737832e+01 6.1468100000e-01
4.7230635842e+01 6.6686500000e-01
4.7524632170e+01 7.2003500000e-01
4.7788956788e+01 7.7312400000e-01
4.8022839671e+01 8.2483500000e-01
4.8225767467e+01 8.7370000000e-01
4.8397072818e+01 9.1814800000e-01
4.8536345044e+01 9.5661000000e-01
4.8643224798e+01 9.8762700000e-01
4.8717404071e+01 1.0099600000e+00
4.8758677521e+01 1.0226900000e+00
4.8769047218e+01 1.0259100000e+00
4.8771870651e+01 1.0268000000e+00
4.8777004164e+01 1.0284000000e+00
4.8784345089e+01 1.0307100000e+00
4.8793944759e+01 1.0337300000e+00
4.8805751841e+01 1.0374600000e+00
4.8819714998e+01 1.0419000000e+00
4.8835834231e+01 1.0470500000e+00
4.8854006869e+01 1.0529100000e+00
4.8874284248e+01 1.0594800000e+00
4.8896512363e+01 1.0667600000e+00
4.8920639877e+01 1.0747500000e+00
4.8946666791e+01 1.0834400000e+00
4.8974490435e+01 1.0928300000e+00
4.9004059474e+01 1.1029300000e+00
4.9035219902e+01 1.1137200000e+00
4.9067971719e+01 1.1252000000e+00
4.9102160920e+01 1.1373600000e+00
4.9137736170e+01 1.1501900000e+00
4.9174594798e+01 1.1636900000e+00
4.9212634134e+01 1.1778400000e+00
4.9251751509e+01 1.1926300000e+00
4.9291792915e+01 1.2080400000e+00
4.9332758354e+01 1.2240600000e+00
4.9374442485e+01 1.2406600000e+00
4.9416793973e+01 1.2578200000e+00
4.9459658812e+01 1.2755200000e+00
4.9502934332e+01 1.2937300000e+00
4.9546517863e+01 1.3124200000e+00
4.9590255400e+01 1.3315600000e+00
4.9634095607e+01 1.3511200000e+00
4.9677833143e+01 1.3710500000e+00
4.9721416674e+01 1.3913300000e+00
4.9764692194e+01 1.4119000000e+00
4.9807557034e+01 1.4327400000e+00
4.9849908521e+01 1.4538000000e+00
4.9891592652e+01 1.4750300000e+00
4.9932558091e+01 1.4963900000e+00
4.9972599498e+01 1.5178500000e+00
5.0011716872e+01 1.5393400000e+00
5.0049756208e+01 1.5608400000e+00
5.0086614837e+01 1.5823000000e+00
5.0122190086e+01 1.6036700000e+00
5.0156379287e+01 1.6249300000e+00
5.0189131105e+01 1.6460200000e+00
5.0220291533e+01 1.6669200000e+00
5.0249860571e+01 1.6875900000e+00
5.0277684215e+01 1.7080100000e+00
5.0303711130e+01 1.7281300000e+00
5.0327838644e+01 1.7479400000e+00
5.0350066758e+01 1.7674100000e+00
5.0370344137e+01 1.7865300000e+00
5.0388516776e+01 1.8052600000e+00
5.0400000000e+01 1.8183746345e+00
5.0401000000e+01 1.8195404338e+00
5.0402000000e+01 1.8207146269e+00
5.0403000000e+01 1.8218974481e+00
5.0404000000e+01 1.8230891426e+00
5.0405000000e+01 1.8242899679e+00
5.0406000000e+01 1.8255001941e+00
5.0407000000e+01 1.8267201052e+00
5.0408000000e+01 1.8279500000e+00
5.0409000000e+01 1.8291901928e+00
5.0410000000e+01 1.8304410152e+00
5.0411000000e+01 1.8317028171e+00
5.0412000000e+01 1.8329759684e+00
5.0413000000e+01 1.8342608600e+00
5.0414000000e+01 1.8355579063e+00
5.0415000000e+01 1.8368675470e+00
5.0416000000e+01 1.8381902488e+00
5.0417000000e+01 1.8395265087e+00
5.0418000000e+01 1.8408768558e+00
5.0419000000e+01 1.8422418551e+00
5.0420000000e+01 1.8436221109e+00
5.0421000000e+01 1.8450182702e+00
5.0422000000e+01 1.8464310276e+00
5.0423000000e+01 1.8478611302e+00
5.0424000000e+01 1.8493093830e+00
5.0425000000e+01 1.8507766562e+00
5.0426000000e+01 1.8522638919e+00
5.0427000000e+01 1.8537721134e+00
5.0428000000e+01 1.8553024351e+00
5.0429000000e+01 1.8568560741e+00
5.0430000000e+01 1.8584343644e+00
5.0431000000e+01 1.8600387731e+00
5.0432000000e+01 1.8616709193e+00
5.0433000000e+01 1.8633325981e+00
5.0434000000e+01 1.8650258076e+00
5.0435000000e+01 1.8667527834e+00
5.0436000000e+01 1.8685160396e+00
5.0437000000e+01 1.8703184204e+00
5.0438000000e+01 1.8721631638e+00
5.0439000000e+01 1.8740539828e+00
5.0440000000e+01 1.8759951690e+00
5.0441000000e+01 1.8779917275e+00
5.0442000000e+01 1.8800495547e+00
5.0443000000e+01 1.8821756783e+00
5.0444000000e+01 1.8843785867e+00
5.0445000000e+01 1.8866686931e+00
5.0446000000e+01 1.8890590091e+00
5.0447000000e+01 1.8915661542e+00
5.0448000000e+01 1.8942119359e+00
5.0449000000e+01 1.8970259474e+00
5.0450000000e+01 1.9000501245e+00
5.0451000000e+01 1.9033474425e+00
5.0452000000e+01 1.9070205538e+00
5.0453000000e+01 1.9112592531e+00
5.0454000000e+01 1.9165025474e+00
5.0455000000e+01 1.9245789388e+00
5.0455151299e+01 1.9267445413e+00
5.0455226948e+01 1.9282666756e+00
5.0455264773e+01 1.9293383888e+00
5.0455283686e+01 1.9300939022e+00
5.0455293142e+01 1.9306269785e+00
5.0455297870e+01 1.9310033438e+00
5.0455300234e+01 1.9312691858e+00
5.0455301416e+01 1.9314570203e+00
5.0455302007e+01 1.9315897671e+00
5.0455302302e+01 1.9316835973e+00
5.0455303279e+01 1.9316427882e+00
5.0455304641e+01 1.9314472850e+00
5.0455307365e+01 1.9312033997e+00
5.0455312814e+01 1.9308760530e+00
5.0455323711e+01 1.9304244209e+00
5.0455345505e+01 1.9297938189e+00
5.0455389092e+01 1.9289086474e+00
5.0455476267e+01 1.9276635498e+00
5.0455650618e+01 1.9259116010e+00
5.0455999319e+01 1.9234485106e+00
5.0456000000e+01 1.9234444188e+00
5.0457000000e+01 1.9187791589e+00
5.0458000000e+01 1.9154265879e+00
5.0459000000e+01 1.9126784583e+00
5.0460000000e+01 1.9102987623e+00
5.0461000000e+01 1.9081739664e+00
5.0462000000e+01 1.9062390674e+00
5.0463000000e+01 1.9044527275e+00
5.0464000000e+01 1.9027867249e+00
5.0465000000e+01 1.9012207762e+00
5.0466000000e+01 1.8997397231e+00
5.0467000000e+01 1.8983318844e+00
5.0468000000e+01 1.8969880321e+00
5.0469000000e+01 1.8957007259e+00
5.0470000000e+01 1.8944638631e+00
5.0471000000e+01 1.8932723639e+00
5.0472000000e+01 1.8921219470e+00
5.0473000000e+01 1.8910089636e+00
5.0474000000e+01 1.8899302746e+00
5.0475000000e+01 1.8888831554e+00
5.0476000000e+01 1.8878652238e+00
5.0477000000e+01 1.8868743820e+00
5.0478000000e+01 1.8859087718e+00
5.0479000000e+01 1.8849667377e+00
5.0480000000e+01 1.8840467972e+00
5.0481000000e+01 1.8831476167e+00
5.0482000000e+01 1.8822679910e+00
5.0483000000e+01 1.8814068272e+00
5.0484000000e+01 1.8805631301e+00
5.0485000000e+01 1.8797359905e+00
5.0486000000e+01 1.8789245753e+00
5.0487000000e+01 1.8781281189e+00
5.0488000000e+01 1.8773459155e+00
5.0489000000e+01 1.8765773131e+00
5.0490000000e+01 1.8758217075e+00
5.0491000000e+01 1.8750785380e+00
5.0492000000e+01 1.8743472830e+00
5.0493000000e+01 1.8736274561e+00
5.0494000000e+01 1.8729186030e+00
5.0495000000e+01 1.8722202987e+00
5.0496000000e+01 1.8715321446e+00
5.0497000000e+01 1.8708537669e+00
5.0498000000e+01 1.8701848136e+00
5.0499000000e+01 1.8695249536e+00
5.0537799353e+01 1.8483800000e+00
5.0607871815e+01 1.8225000000e+00
5.0699453698e+01 1.7991800000e+00
5.0812390999e+01 1.7780800000e+00
5.0946735052e+01 1.7589000000e+00
5.1102280516e+01 1.7413200000e+00
5.1278976057e+01 1.7251100000e+00
5.1476821673e+01 1.7099900000e+00
5.1695509356e+01 1.6957600000e+00
5.1934731093e+01 1.6821900000e+00
5.2194486884e+01 1.6691200000e+00
5.2474776731e+01 1.6563300000e+00
5.2775600632e+01 1.6436900000e+00
5.3095931885e+01 1.6310000000e+00
5.3436283841e+01 1.6181600000e+00
5.3796143149e+01 1.6049600000e+00
5.4175509810e+01 1.5913300000e+00
5.4573870470e+01 1.5770800000e+00
5.4990711780e+01 1.5621200000e+00
5.5426547091e+01 1.5463000000e+00
5.5880349699e+01 1.5295500000e+00
5.6352119606e+01 1.5117000000e+00
5.6841343458e+01 1.4927100000e+00
5.7347507906e+01 1.4724300000e+00
5.7871126300e+01 1.4508500000e+00
5.8411171938e+01 1.4278300000e+00
5.8967131469e+01 1.4033800000e+00
5.9539004892e+01 1.3774200000e+00
6.0126278855e+01 1.3500100000e+00
6.0728440009e+01 1.3210800000e+00
6.1345488352e+01 1.2907500000e+00
6.1976910533e+01 1.2590400000e+00
6.2621679850e+01 1.2261100000e+00
6.3279796303e+01 1.1920400000e+00
6.3950746539e+01 1.1570700000e+00
6.4634530560e+01 1.1213200000e+00
6.5329608311e+01 1.0851000000e+00
6.6036493143e+01 1.0485700000e+00
6.6754671706e+01 1.0120700000e+00
6.7483117295e+01 9.7577900000e-01
6.8221316561e+01 9.4003500000e-01
6.8969269503e+01 9.0500300000e-01
6.9725949418e+01 8.7099500000e-01
7.0491356306e+01 8.3813800000e-01
7.1264976816e+01 8.0669200000e-01
7.2045784245e+01 7.7673300000e-01
7.2833265242e+01 7.4846000000e-01
7.3627419807e+01 7.2189600000e-01
7.4427221236e+01 6.9718000000e-01
7.5232669531e+01 6.7429200000e-01
7.6042737988e+01 6.5332000000e-01
7.6856913256e+01 6.3421000000e-01
7.7674681984e+01 6.1701500000e-01
7.8495530819e+01 6.0165800000e-01
7.9318946412e+01 5.8816700000e-01
8.0144415410e+01 5.7645500000e-01
8.0970911111e+01 5.6653600000e-01
8.1798433514e+01 5.5831900000e-01
8.2626469269e+01 5.5180900000e-01
8.3453991673e+01 5.4691900000e-01
8.4281000725e+01 5.4364700000e-01
8.5106469723e+01 5.4191500000e-01
8.5929885316e+01 5.4171600000e-01
8.6750734152e+01 5.4297800000e-01
8.7568502879e+01 5.4569500000e-01
8.8382678147e+01 5.4979900000e-01
8.9192233253e+01 5.5528300000e-01
8.9997681548e+01 5.6208100000e-01
9.0797482977e+01 5.7018800000e-01
9.1591637542e+01 5.7954000000e-01
9.2379631890e+01 5.9012300000e-01
9.3160439319e+01 6.0187700000e-01
9.3933546478e+01 6.1478000000e-01
9.4698953366e+01 6.2877000000e-01
9.5456146632e+01 6.4381900000e-01
9.6203586223e+01 6.5985800000e-01
9.6942298840e+01 6.7685100000e-01
9.7670744430e+01 6.9472100000e-01
9.8388409641e+01 7.1342300000e-01
9.9095294473e+01 7.3287400000e-01
9.9790885575e+01 7.5301500000e-01
1.0047415624e+02 7.7375800000e-01
1.0114510648e+02 7.9503500000e-01
1.0180373628e+02 8.1674800000e-01
1.0244850560e+02 8.3882600000e-01
1.0307941443e+02 8.6116500000e-01
1.0369646277e+02 8.8368800000e-01
1.0429862393e+02 9.0629300000e-01
1.0488589789e+02 9.2890000000e-01
1.0545828467e+02 9.5140900000e-01
1.0601424420e+02 9.7374400000e-01
1.0655428983e+02 9.9581200000e-01
1.0707739488e+02 1.0175400000e+00
1.0758407268e+02 1.0388500000e+00
1.0807329653e+02 1.0596700000e+00
1.0854506644e+02 1.0799400000e+00
1.0899886904e+02 1.0996000000e+00
1.0943419100e+02 1.1185900000e+00
1.0985103231e+02 1.1368700000e+00
1.1024939297e+02 1.1543900000e+00
1.1062875963e+02 1.1711200000e+00
1.1098861894e+02 1.1870300000e+00
1.1132897090e+02 1.2020900000e+00
1.1164981550e+02 1.2162800000e+00
1.1195012605e+02 1.2295800000e+00
1.1223041590e+02 1.2419700000e+00
1.1249017169e+02 1.2534500000e+00
1.1272990678e+02 1.2640000000e+00
1.1294859446e+02 1.2736400000e+00
1.1314623474e+02 1.2823200000e+00
1.1332282761e+02 1.2900800000e+00
1.1347837307e+02 1.2968800000e+00
1.1411133531e+02 1.3244600000e+00
1.1431821591e+02 1.3334900000e+00
1.1461749976e+02 1.3463700000e+00
1.1500816015e+02 1.3631600000e+00
1.1549019708e+02 1.3836700000e+00
1.1606361056e+02 1.4078100000e+00
1.1672737387e+02 1.4353300000e+00
1.1748148703e+02 1.4660300000e+00
1.1832492333e+02 1.4995600000e+00
1.1925819611e+02 1.5355800000e+00
1.2027976533e+02 1.5736300000e+00
1.2138911764e+02 1.6132700000e+00
1.2258522632e+02 1.6540000000e+00
1.2386809139e+02 1.6953100000e+00
1.2523565943e+02 1.7367100000e+00
1.2668844380e+02 1.7777500000e+00
1.2822439109e+02 1.8180100000e+00
1.2984247460e+02 1.8571400000e+00
1.3154218097e+02 1.8948500000e+00
1.3332197016e+02 1.9309400000e+00
1.3518081546e+02 1.9652300000e+00
1.3711717682e+02 1.9976600000e+00
1.3913002753e+02 2.0281800000e+00
1.4121834089e+02 2.0567900000e+00
1.4337955014e+02 2.0835300000e+00
1.4561314194e+02 2.1084800000e+00
1.4791757623e+02 2.1316900000e+00
1.5029079960e+02 2.1532800000e+00
1.5273127200e+02 2.1733400000e+00
1.5523745337e+02 2.1919800000e+00
1.5780831702e+02 2.2092900000e+00
1.6044078282e+02 2.2253900000e+00
1.6313433745e+02 2.2403400000e+00
1.6588641413e+02 2.2542600000e+00
1.6869495945e+02 2.2671700000e+00
1.7155894673e+02 2.2796400000e+00
1.7447529585e+02 2.2917900000e+00
1.7744298010e+02 2.3036100000e+00
1.8045994608e+02 2.3151200000e+00
1.8352362704e+02 2.3263300000e+00
1.8663196957e+02 2.3372300000e+00
1.8978292026e+02 2.3478400000e+00
1.9297493906e+02 2.3581500000e+00
1.9620494586e+02 2.3681700000e+00
1.9947140061e+02 2.3779000000e+00
2.0277173654e+02 2.3873500000e+00
2.0610390027e+02 2.3965300000e+00
2.0946532502e+02 2.4054300000e+00
2.1285447074e+02 2.4140600000e+00
2.1626774398e+02 2.4224300000e+00
2.1970411803e+02 2.4305400000e+00
2.2316102614e+02 2.4384000000e+00
2.2663538819e+02 2.4460100000e+00
2.3012515078e+02 2.4533900000e+00
2.3362826051e+02 2.4605300000e+00
2.3714215062e+02 2.4674500000e+00
2.4066476770e+02 2.4741400000e+00
2.4419303164e+02 2.4806200000e+00
2.4772488905e+02 2.4868900000e+00
2.5125777315e+02 2.4929600000e+00
2.5478963056e+02 2.4988200000e+00
2.5831789450e+02 2.5045000000e+00
2.6184051158e+02 2.5099900000e+00
2.6535440169e+02 2.5153000000e+00
2.6885751142e+02 2.5204300000e+00
2.7234727401e+02 2.5254000000e+00
2.7582163606e+02 2.5302000000e+00
2.7927854417e+02 2.5348300000e+00
2.8271491822e+02 2.5389800000e+00
2.8612819146e+02 2.5424100000e+00
2.8951733718e+02 2.5457600000e+00
2.9287876193e+02 2.5490200000e+00
2.9621092566e+02 2.5522000000e+00
2.9951126159e+02 2.5553000000e+00
3.0277771634e+02 2.5583100000e+00
3.0600772314e+02 2.5612400000e+00
3.0919974194e+02 2.5640900000e+00
3.1235069263e+02 2.5668600000e+00
3.1545903516e+02 2.5695400000e+00
3.1852271612e+02 2.5721500000e+00
3.2153968210e+02 2.5746900000e+00
3.2450736635e+02 2.5771400000e+00
3.2742371547e+02 2.5795200000e+00
3.3028770275e+02 2.5818300000e+00
3.3309624808e+02 2.5840600000e+00
3.3584832475e+02 2.5862100000e+00
3.3854187938e+02 2.5883000000e+00
3.4117434519e+02 2.5903100000e+00
3.4374520883e+02 2.5922500000e+00
3.4625139020e+02 2.5941200000e+00
3.4869186260e+02 2.5959200000e+00
3.5106508597e+02 2.5976600000e+00
3.5336952026e+02 2.5993200000e+00
3.5560311206e+02 2.6009200000e+00
3.5776432131e+02 2.6024500000e+00
3.5985263467e+02 2.6039200000e+00
3.6186548538e+02 2.6053200000e+00
3.6380184674e+02 2.6066500000e+00
3.6566069204e+02 2.6079300000e+00
3.6744048123e+02 2.6091300000e+00
3.6914018760e+02 2.6102800000e+00
3.7075827111e+02 2.6113600000e+00
3.7229421840e+02 2.6123800000e+00
3.7374700277e+02 2.6133400000e+00
3.7511457081e+02 2.6142400000e+00
3.7639743588e+02 2.6150800000e+00
3.7759354456e+02 2.6158600000e+00
3.7870289687e+02 2.6165700000e+00
3.7972446609e+02 2.6172300000e+00
3.8065773887e+02 2.6178300000e+00
3.8150117517e+02 2.6183700000e+00
3.8225528833e+02 2.6188500000e+00
3.8291905164e+02 2.6192700000e+00
3.8349246512e+02 2.6196300000e+00
3.8397450205e+02 2.6199400000e+00
3.8436516245e+02 2.6201800000e+00
3.8466444629e+02 2.6203700000e+00
3.8487132689e+02 2.6205000000e+00
3.8498631760e+02 2.6205700000e+00
3.9499872266e+02 2.6267400000e+00
4.3759456569e+02 2.6504700000e+00
5.1410599347e+02 2.6851200000e+00
6.2434819953e+02 2.7229900000e+00
7.6801984660e+02 2.7593300000e+00
9.4474105467e+02 2.7922400000e+00
1.1540292735e+03 2.8214300000e+00
1.3953249500e+03 2.8472900000e+00
1.6679709945e+03 2.8704100000e+00
1.9712435816e+03 2.8913500000e+00
2.3043110820e+03 2.9105800000e+00
2.6662905314e+03 2.9284900000e+00
3.0561962951e+03 2.9453900000e+00
3.4729760029e+03 2.9615200000e+00
3.9155156823e+03 2.9770600000e+00
4.3826089576e+03 2.9921700000e+00
4.8730083849e+03 3.0069700000e+00
5.3854151854e+03 3.0215400000e+00
5.9183765746e+03 3.0359700000e+00
6.4704859697e+03 3.0503100000e+00
7.0403059871e+03 3.0646400000e+00
7.6262452373e+03 3.0789800000e+00
8.2267636664e+03 3.0934000000e+00
8.8402185499e+03 3.1079300000e+00
9.4649671635e+03 3.1226500000e+00
1.0099264113e+04 3.1376100000e+00
1.0741518008e+04 3.1415900000e+00
1.1389880784e+04 3.1415900000e+00
1.2042658382e+04 3.1415900000e+00
1.2698105408e+04 3.1415900000e+00
1.3354476466e+04 3.1415900000e+00
1.4009923491e+04 3.1415900000e+00
1.4662701089e+04 3.1415900000e+00
1.5311063866e+04 3.1415900000e+00
1.5953317761e+04 3.1415900000e+00
1.6587614710e+04 3.1415900000e+00
1.7212363323e+04 3.1415900000e+00
1.7825818207e+04 3.1415900000e+00
1.8426336636e+04 3.1415900000e+00
1.9012275886e+04 3.1415900000e+00
1.9582095904e+04 3.1415900000e+00
2.0134205299e+04 3.1415900000e+00
2.0667166688e+04 3.1415900000e+00
2.1179594022e+04 3.1415900000e+00
2.1669947248e+04 3.1415900000e+00
2.2137045657e+04 3.1415900000e+00
2.2579605870e+04 3.1415900000e+00
2.2996395845e+04 3.1415900000e+00
2.3386286208e+04 3.1415900000e+00
2.3748250257e+04 3.1415900000e+00
2.4081363959e+04 3.1415900000e+00
2.4384600612e+04 3.1415900000e+00
2.4657241523e+04 3.1415900000e+00
2.4898568000e+04 3.1415900000e+00
2.5107861353e+04 3.1415900000e+00
2.5284556893e+04 3.1415900000e+00
2.5428243941e+04 3.1415900000e+00
2.5538460479e+04 3.1415900000e+00
2.5615001168e+04 3.1415900000e+00
2.5657557996e+04 3.1415900000e+00
2.5677732705e+04 3.1415900000e+00
2.5721059561e+04 3.1415900000e+00
2.5799294309e+04 3.1415900000e+00
2.5912847631e+04 3.1415900000e+00
2.6062386884e+04 3.1415900000e+00
2.6248682096e+04 3.1415900000e+00
2.6472811302e+04 3.1415900000e+00
2.6735955213e+04 3.1415900000e+00
2.7039705217e+04 3.1415900000e+00
2.7385755373e+04 3.1415900000e+00
2.7776159088e+04 3.1415900000e+00
2.8213277777e+04 3.1415900000e+00
2.8699780867e+04 3.1415900000e+00
2.9238748468e+04 3.1415900000e+00
2.9833568696e+04 3.1415900000e+00
3.0488297030e+04 3.1415900000e+00
3.1207296954e+04 3.1415900000e+00
3.1995650649e+04 3.1415900000e+00
3.2859158983e+04 3.1415900000e+00
3.3804238850e+04 3.1415900000e+00
3.4838282508e+04 3.1415900000e+00
3.5969811591e+04 3.1415900000e+00
3.7208271764e+04 3.1415900000e+00
3.8564700081e+04 3.1415900000e+00
4.0051673650e+04 3.1415900000e+00
4.1683566311e+04 3.1415900000e+00
4.3477113317e+04 3.1415900000e+00
4.5451462674e+04 3.1415900000e+00
4.7629150508e+04 3.1415900000e+00
5.0036203732e+04 3.1415900000e+00
5.2703218089e+04 3.1415900000e+00
5.5666282179e+04 3.1415900000e+00
5.8968671523e+04 3.1415900000e+00
6.2660181203e+04 3.1415900000e+00
6.6802926734e+04 3.1415900000e+00
7.1469804011e+04 3.1415900000e+00
7.6750649523e+04 3.1415900000e+00
8.2754807111e+04 3.1415900000e+00
8.9617288185e+04 3.1415900000e+00
9.7507498695e+04 3.1415900000e+00
1.0663745276e+05 3.1415900000e+00
1.1727819989e+05 3.1415900000e+00
1.2977881903e+05 3.1415900000e+00
1.4459516618e+05 3.1415900000e+00
1.6233299596e+05 3.1415900000e+00
1.8381007710e+05 3.1415900000e+00
2.1015218915e+05 3.1415900000e+00
2.4294199436e+05 3.1415900000e+00
2.8446441968e+05 3.1415900000e+00
3.3811374434e+05 3.1415900000e+00
4.0910972504e+05 3.1415900000e+00
5.0581639560e+05 3.1415900000e+00
6.4232063088e+05 3.1415900000e+00
8.4386237755e+05 3.1415900000e+00
1.1593886617e+06 3.1415900000e+00
1.6943264537e+06 3.1415900000e+00
2.7114397841e+06 3.1415900000e+00
5.0268905907e+06 3.1415900000e+00
1.2341736889e+07 3.1415900000e+00
6.4991309760e+07 3.1415900000e+00
