1001
4 0
4.00513 0.00708407
4.01027 0.0106127
4.0154 0.0132411
4.02054 0.0154362
4.02567 0.0173631
4.03081 0.0191032
4.03594 0.0207037
4.04108 0.0221947
4.04621 0.023597
4.05135 0.0249257
4.05648 0.0261918
4.06162 0.0274042
4.06675 0.0285695
4.07189 0.0296935
4.07702 0.0307806
4.08216 0.0318346
4.08729 0.0328586
4.09243 0.0338555
4.09756 0.0348275
4.1027 0.0357767
4.10783 0.0367048
4.11297 0.0376135
4.1181 0.038504
4.12323 0.0393776
4.12837 0.0402355
4.1335 0.0410786
4.13864 0.0419078
4.14377 0.0427239
4.14891 0.0435276
4.15404 0.0443197
4.15918 0.0451007
4.16431 0.0458713
4.16945 0.0466319
4.17458 0.047383
4.17972 0.048125
4.18485 0.0488585
4.18999 0.0495837
4.19512 0.050301
4.20026 0.0510108
4.20539 0.0517133
4.21053 0.0524089
4.21566 0.0530978
4.2208 0.0537804
4.22593 0.0544567
4.23107 0.0551271
4.2362 0.0557918
4.24134 0.056451
4.24647 0.0571049
4.2516 0.0577536
4.25674 0.0583973
4.26187 0.0590362
4.26701 0.0596705
4.27214 0.0603003
4.27728 0.0609257
4.28241 0.0615469
4.28755 0.062164
4.29268 0.0627771
4.29782 0.0633864
4.30295 0.0639919
4.30809 0.0645937
4.31322 0.0651921
4.31836 0.065787
4.32349 0.0663785
4.32863 0.0669668
4.33376 0.0675519
4.3389 0.0681339
4.34403 0.0687129
4.34917 0.069289
4.3543 0.0698622
4.35944 0.0704327
4.36457 0.0710004
4.3697 0.0715654
4.37484 0.0721279
4.37997 0.0726879
4.38511 0.0732454
4.39024 0.0738004
4.39538 0.0743531
4.40051 0.0749035
4.40565 0.0754517
4.41078 0.0759976
4.41592 0.0765414
4.42105 0.0770831
4.42619 0.0776228
4.43132 0.0781604
4.43646 0.078696
4.44159 0.0792297
4.44673 0.0797615
4.45186 0.0802915
4.457 0.0808196
4.46213 0.0813459
4.46727 0.0818705
4.4724 0.0823934
4.47754 0.0829146
4.48267 0.0834342
4.4878 0.0839521
4.49294 0.0844685
4.49807 0.0849833
4.50321 0.0854966
4.50834 0.0860084
4.51348 0.0865187
4.51861 0.0870276
4.52375 0.087535
4.52888 0.0880411
4.53402 0.0885458
4.53915 0.0890491
4.54429 0.0895511
4.54942 0.0900519
4.55456 0.0905513
4.55969 0.0910495
4.56483 0.0915465
4.56996 0.0920423
4.5751 0.0925368
4.58023 0.0930302
4.58537 0.0935225
4.5905 0.0940136
4.59564 0.0945036
4.60077 0.0949925
4.60591 0.0954804
4.61104 0.0959671
4.61617 0.0964528
4.62131 0.0969375
4.62644 0.0974212
4.63158 0.0979039
4.63671 0.0983856
4.64185 0.0988664
4.64698 0.0993462
4.65212 0.099825
4.65725 0.100303
4.66239 0.10078
4.66752 0.101256
4.67266 0.101731
4.67779 0.102206
4.68293 0.102679
4.68806 0.103152
4.6932 0.103624
4.69833 0.104095
4.70347 0.104565
4.7086 0.105034
4.71374 0.105503
4.71887 0.105971
4.72401 0.106438
4.72914 0.106904
4.73427 0.10737
4.73941 0.107835
4.74454 0.108299
4.74968 0.108763
4.75481 0.109225
4.75995 0.109687
4.76508 0.110149
4.77022 0.110609
4.77535 0.111069
4.78049 0.111529
4.78562 0.111988
4.79076 0.112446
4.79589 0.112903
4.80103 0.11336
4.80616 0.113816
4.8113 0.114272
4.81643 0.114727
4.82157 0.115181
4.8267 0.115635
4.83184 0.116088
4.83697 0.116541
4.84211 0.116993
4.84724 0.117445
4.85237 0.117896
4.85751 0.118346
4.86264 0.118796
4.86778 0.119246
4.87291 0.119695
4.87805 0.120143
4.88318 0.120591
4.88832 0.121038
4.89345 0.121485
4.89859 0.121932
4.90372 0.122378
4.90886 0.122823
4.91399 0.123268
4.91913 0.123712
4.92426 0.124157
4.9294 0.1246
4.93453 0.125043
4.93967 0.125486
4.9448 0.125928
4.94994 0.12637
4.95507 0.126811
4.96021 0.127252
4.96534 0.127693
4.97047 0.128133
4.97561 0.128573
4.98074 0.129012
4.98588 0.129451
4.99101 0.129889
4.99615 0.130327
5.00128 0.130765
5.00642 0.131202
5.01155 0.131639
5.01669 0.132076
5.02182 0.132512
5.03209 0.133383
5.54557 0.175598
6.05905 0.216309
6.57253 0.256308
7.08601 0.295865
7.59949 0.335049
8.11297 0.373841
8.62644 0.41218
9.13992 0.449986
9.6534 0.487176
10.1669 0.523671
10.6804 0.559398
11.1938 0.594293
11.7073 0.628307
12.2208 0.6614
12.7343 0.693544
13.2478 0.724722
13.7612 0.754928
14.2747 0.784163
14.7882 0.812436
15.3017 0.839765
15.8151 0.866172
16.3286 0.891681
16.8421 0.916324
17.3556 0.940132
17.8691 0.963141
18.3825 0.985385
18.896 1.0069
19.4095 1.02773
19.923 1.0479
20.4365 1.06745
20.9499 1.08642
21.4634 1.10484
21.9769 1.12275
22.4904 1.14019
23.0039 1.15717
23.5173 1.17375
24.0308 1.18994
24.5443 1.20578
25.0578 1.22129
25.5712 1.23651
26.0847 1.25147
26.5982 1.26618
27.1117 1.28068
27.6252 1.29499
28.1386 1.30915
28.6521 1.32317
29.1656 1.33707
29.6791 1.3509
30.1926 1.36467
30.706 1.37841
31.2195 1.39214
31.733 1.4059
32.2465 1.41972
32.7599 1.43361
33.2734 1.44763
33.7869 1.46179
34.3004 1.47614
34.8139 1.49071
35.3273 1.50554
35.8408 1.52069
36.3543 1.5362
36.8678 1.55213
37.3813 1.56854
37.8947 1.5855
38.4082 1.60309
38.9217 1.6214
39.4352 1.64052
39.9487 1.66059
40.4621 1.68174
40.9756 1.70414
41.4891 1.72797
42.0026 1.75346
42.516 1.7809
43.0295 1.81061
43.543 1.84301
44.0565 1.87861
44.57 1.91803
45.0834 1.9621
45.5969 2.01182
46.1104 2.06853
46.6239 2.13397
47.1374 2.21043
47.6508 2.30097
48.1643 2.40978
48.6778 2.54266
48.6829 2.54414
48.6881 2.54562
48.6932 2.5471
48.6983 2.54859
48.7035 2.55008
48.7086 2.55157
48.7137 2.55307
48.7189 2.55457
48.724 2.55607
48.7291 2.55758
48.7343 2.55909
48.7394 2.5606
48.7445 2.56212
48.7497 2.56364
48.7548 2.56516
48.7599 2.56669
48.7651 2.56822
48.7702 2.56975
48.7754 2.57129
48.7805 2.57283
48.7856 2.57437
48.7908 2.57592
48.7959 2.57747
48.801 2.57903
48.8062 2.58059
48.8113 2.58215
48.8164 2.58371
48.8216 2.58528
48.8267 2.58685
48.8318 2.58843
48.837 2.59001
48.8421 2.59159
48.8472 2.59318
48.8524 2.59477
48.8575 2.59637
48.8626 2.59796
48.8678 2.59956
48.8729 2.60117
48.878 2.60278
48.8832 2.60439
48.8883 2.60601
48.8935 2.60763
48.8986 2.60925
48.9037 2.61088
48.9089 2.61251
48.914 2.61415
48.9191 2.61579
48.9243 2.61743
48.9294 2.61908
48.9345 2.62073
48.9397 2.62239
48.9448 2.62404
48.9499 2.62571
48.9551 2.62737
48.9602 2.62905
48.9653 2.63072
48.9705 2.6324
48.9756 2.63408
48.9807 2.63577
48.9859 2.63746
48.991 2.63916
48.9961 2.64086
49.0013 2.64256
49.0064 2.64427
49.0116 2.64598
49.0167 2.64769
49.0218 2.64941
49.027 2.65114
49.0321 2.65287
49.0372 2.6546
49.0424 2.65634
49.0475 2.65808
49.0526 2.65982
49.0578 2.66157
49.0629 2.66333
49.068 2.66509
49.0732 2.66685
49.0783 2.66862
49.0834 2.67039
49.0886 2.67217
49.0937 2.67395
49.0988 2.67573
49.104 2.67752
49.1091 2.67932
49.1142 2.68111
49.1194 2.68292
49.1245 2.68473
49.1297 2.68654
49.1348 2.68836
49.1399 2.69018
49.1451 2.69201
49.1502 2.69384
49.1553 2.69567
49.1605 2.69751
49.1656 2.69936
49.1707 2.70121
49.1759 2.70307
49.181 2.70493
49.1861 2.70679
49.1913 2.70866
49.1964 2.71054
49.2015 2.71242
49.2067 2.7143
49.2118 2.7162
49.2169 2.71809
49.2221 2.71999
49.2272 2.7219
49.2323 2.72381
49.2375 2.72572
49.2426 2.72765
49.2478 2.72957
49.2529 2.7315
49.258 2.73344
49.2632 2.73538
49.2683 2.73733
49.2734 2.73929
49.2786 2.74125
49.2837 2.74321
49.2888 2.74518
49.294 2.74716
49.2991 2.74914
49.3042 2.75112
49.3094 2.75312
49.3145 2.75512
49.3196 2.75712
49.3248 2.75913
49.3299 2.76115
49.335 2.76317
49.3402 2.76519
49.3453 2.76723
49.3504 2.76927
49.3556 2.77131
49.3607 2.77337
49.3659 2.77542
49.371 2.77749
49.3761 2.77956
49.3813 2.78164
49.3864 2.78372
49.3915 2.78581
49.3967 2.7879
49.4018 2.79001
49.4069 2.79212
49.4121 2.79423
49.4172 2.79635
49.4223 2.79848
49.4275 2.80062
49.4326 2.80276
49.4377 2.80491
49.4429 2.80707
49.448 2.80923
49.4531 2.8114
49.4583 2.81358
49.4634 2.81577
49.4685 2.81796
49.4737 2.82016
49.4788 2.82237
49.484 2.82458
49.4891 2.8268
49.4942 2.82903
49.4994 2.83127
49.5045 2.83352
49.5096 2.83577
49.5148 2.83803
49.5199 2.8403
49.525 2.84258
49.5302 2.84487
49.5353 2.84716
49.5404 2.84946
49.5456 2.85178
49.5507 2.8541
49.5558 2.85643
49.561 2.85876
49.5661 2.86111
49.5712 2.86347
49.5764 2.86583
49.5815 2.8682
49.5866 2.87059
49.5918 2.87298
49.5969 2.87538
49.6021 2.8778
49.6072 2.88022
49.6123 2.88265
49.6175 2.88509
49.6226 2.88755
49.6277 2.89001
49.6329 2.89249
49.638 2.89497
49.6431 2.89747
49.6483 2.89997
49.6534 2.90249
49.6585 2.90502
49.6637 2.90756
49.6688 2.91012
49.6739 2.91268
49.6791 2.91526
49.6842 2.91785
49.6893 2.92046
49.6945 2.92307
49.6996 2.9257
49.7047 2.92834
49.7099 2.931
49.715 2.93367
49.7202 2.93635
49.7253 2.93905
49.7304 2.94177
49.7356 2.9445
49.7407 2.94724
49.7458 2.95
49.751 2.95278
49.7561 2.95557
49.7612 2.95838
49.7664 2.96121
49.7715 2.96405
49.7766 2.96691
49.7818 2.9698
49.7869 2.9727
49.792 2.97562
49.7972 2.97855
49.8023 2.98152
49.8074 2.9845
49.8126 2.9875
49.8177 2.99053
49.8228 2.99357
49.828 2.99665
49.8331 2.99974
49.8383 3.00287
49.8434 3.00601
49.8485 3.00919
49.8537 3.01239
49.8588 3.01563
49.8639 3.01889
49.8691 3.02218
49.8742 3.02551
49.8793 3.02887
49.8845 3.03226
49.8896 3.0357
49.8947 3.03917
49.8999 3.04268
49.905 3.04623
49.9101 3.04983
49.9153 3.05347
49.9204 3.05716
49.9255 3.0609
49.9307 3.0647
49.9358 3.06856
49.9409 3.07247
49.9461 3.07646
49.9512 3.08051
49.9564 3.08464
49.9615 3.08884
49.9666 3.09314
49.9718 3.09753
49.9769 3.10202
49.982 3.10663
49.9872 3.11136
49.9923 3.11623
49.9974 3.12126
50.0026 3.12646
50.0077 3.13186
50.0128 3.1375
50.018 3.14341
50.0231 3.14965
50.0282 3.1563
50.0334 3.16348
50.0385 3.17135
50.0436 3.18025
50.0488 3.19081
50.0539 3.20505
50.0591 3.22917
50.0642 3.23014
50.0693 3.23112
50.0745 3.2321
50.0796 3.23307
50.0847 3.23405
50.0899 3.23503
50.095 3.23601
50.1001 3.237
50.1053 3.23798
50.1104 3.23896
50.1155 3.23995
50.1207 3.24094
50.1258 3.24193
50.1309 3.24292
50.1361 3.24391
50.1412 3.24491
50.1463 3.2459
50.1515 3.2469
50.1566 3.24789
50.1617 3.24889
50.1669 3.24989
50.172 3.25089
50.1772 3.2519
50.1823 3.2529
50.1874 3.25391
50.1926 3.25491
50.1977 3.25592
50.2028 3.25693
50.208 3.25794
50.2131 3.25895
50.2182 3.25996
50.2234 3.26098
50.2285 3.26199
50.2336 3.26301
50.2388 3.26403
50.2439 3.26505
50.249 3.26607
50.2542 3.26709
50.2593 3.26811
50.2644 3.26914
50.2696 3.27016
50.2747 3.27119
50.2798 3.27222
50.285 3.27325
50.2901 3.27428
50.2953 3.27531
50.3004 3.27635
50.3055 3.27738
50.3107 3.27842
50.3158 3.27945
50.3209 3.28049
50.3261 3.28153
50.3312 3.28257
50.3363 3.28361
50.3415 3.28466
50.3466 3.2857
50.3517 3.28675
50.3569 3.28779
50.362 3.28884
50.3671 3.28989
50.3723 3.29094
50.3774 3.29199
50.3825 3.29304
50.3877 3.2941
50.3928 3.29515
50.3979 3.29621
50.4031 3.29727
50.4082 3.29833
50.4134 3.29939
50.4185 3.30045
50.4236 3.30151
50.4288 3.30257
50.4339 3.30364
50.439 3.3047
50.4442 3.30577
50.4493 3.30683
50.4544 3.30789
50.4596 3.30894
50.4647 3.30999
50.4698 3.31103
50.475 3.31206
50.4801 3.31308
50.4852 3.3141
50.4904 3.31511
50.4955 3.31612
50.5006 3.31712
50.5058 3.31811
50.5109 3.3191
50.516 3.32007
50.5212 3.32105
50.5263 3.32201
50.5315 3.32297
50.5366 3.32392
50.5417 3.32487
50.5469 3.32581
50.552 3.32674
50.5571 3.32767
50.5623 3.32859
50.5674 3.3295
50.5725 3.33041
50.5777 3.33131
50.5828 3.33221
50.5879 3.33309
50.5931 3.33397
50.5982 3.33485
50.6033 3.33572
50.6085 3.33658
50.6136 3.33743
50.6187 3.33828
50.6239 3.33912
50.629 3.33996
50.6341 3.34079
50.6393 3.34161
50.6444 3.34243
50.6496 3.34324
50.6547 3.34404
50.6598 3.34484
50.665 3.34563
50.6701 3.34641
50.6752 3.34719
50.6804 3.34796
50.6855 3.34872
50.6906 3.34948
50.6958 3.35023
50.7009 3.35098
50.706 3.35172
50.7112 3.35245
50.7163 3.35318
50.7214 3.3539
50.7266 3.35461
50.7317 3.35532
50.7368 3.35602
50.742 3.35671
50.7471 3.3574
50.7522 3.35808
50.7574 3.35875
50.7625 3.35942
50.7677 3.36008
50.7728 3.36074
50.7779 3.36139
50.7831 3.36203
50.7882 3.36267
50.7933 3.3633
50.7985 3.36392
50.8036 3.36454
50.8087 3.36515
50.8139 3.36575
50.819 3.36635
50.8241 3.36694
50.8293 3.36753
50.8344 3.36811
50.8395 3.36868
50.8447 3.36925
50.8498 3.36981
50.8549 3.37036
50.8601 3.37091
50.8652 3.37145
50.8703 3.37198
50.8755 3.37251
50.8806 3.37303
50.8858 3.37355
50.8909 3.37406
50.896 3.37456
50.9012 3.37506
50.9063 3.37555
50.9114 3.37603
50.9166 3.37651
50.9217 3.37698
50.9268 3.37744
50.932 3.3779
50.9371 3.37836
50.9422 3.3788
50.9474 3.37924
50.9525 3.37967
50.9576 3.3801
50.9628 3.38052
50.9679 3.38094
50.973 3.38134
50.9782 3.38175
50.9833 3.38214
50.9884 3.38253
50.9936 3.38291
50.9987 3.38329
51.0039 3.38366
51.009 3.38403
51.0141 3.38438
51.0193 3.38473
51.0244 3.38508
51.0295 3.38542
51.0347 3.38575
51.0398 3.38608
51.0449 3.3864
51.0501 3.38671
51.0552 3.38702
51.0603 3.38732
51.0655 3.38761
51.0706 3.3879
51.0757 3.38819
51.0809 3.38846
51.086 3.38873
51.0911 3.38899
51.0963 3.38925
51.1014 3.3895
51.1065 3.38975
51.1117 3.38999
51.1168 3.39022
51.122 3.39044
51.1271 3.39066
51.1322 3.39088
51.1374 3.39108
51.1425 3.39128
51.1476 3.39148
51.1528 3.39167
51.1579 3.39185
51.163 3.39203
51.1682 3.39219
51.1733 3.39236
51.1784 3.39252
51.1836 3.39267
51.1887 3.39281
51.1938 3.39295
51.199 3.39308
51.2041 3.39321
51.2092 3.39333
51.2144 3.39344
51.2195 3.39355
51.2246 3.39365
51.2298 3.39374
51.2349 3.39383
51.2452 3.39399
51.7587 3.37033
52.2721 3.28664
52.7856 3.14835
53.2991 2.96434
53.8126 2.74568
54.3261 2.50424
54.8395 2.25196
55.353 2.00055
55.8665 1.76134
56.38 1.5454
56.8935 1.36354
57.4069 1.22638
57.9204 1.1444
58.4339 1.12796
58.9474 1.1486
59.4608 1.1679
59.9743 1.18605
60.4878 1.2032
61.0013 1.21949
61.5148 1.23505
62.0282 1.24996
62.5417 1.26431
63.0552 1.27817
63.5687 1.2916
64.0822 1.30464
64.5956 1.31736
65.1091 1.32978
65.6226 1.34195
66.1361 1.3539
66.6496 1.36566
67.163 1.37726
67.6765 1.38873
68.19 1.40019
68.7035 1.41198
69.2169 1.42411
69.7304 1.43655
70.2439 1.44931
70.7574 1.46238
71.2709 1.47573
71.7843 1.48937
72.2978 1.50328
72.8113 1.51746
73.3248 1.53189
73.8383 1.54656
74.3517 1.56147
74.8652 1.5766
75.3787 1.59195
75.8922 1.60751
76.4056 1.62327
76.9191 1.63921
77.4326 1.65534
77.9461 1.67165
78.4596 1.68811
78.973 1.70474
79.4865 1.72151
80 1.73842
80.5135 1.75547
81.027 1.77264
81.5404 1.78992
82.0539 1.80731
82.5674 1.8248
83.0809 1.84238
83.5944 1.86005
84.1078 1.87779
84.6213 1.8956
85.1348 1.91348
85.6483 1.93141
86.1617 1.94938
86.6752 1.9674
87.1887 1.98545
87.7022 2.00353
88.2157 2.02163
88.7291 2.03975
89.2426 2.05787
89.7561 2.076
90.2696 2.09412
90.7831 2.11223
91.2965 2.13032
91.81 2.14839
92.3235 2.16644
92.837 2.18446
93.3504 2.20243
93.8639 2.22037
94.3774 2.23826
94.8909 2.2561
95.4044 2.27388
95.9178 2.2916
96.4313 2.30926
96.9448 2.32685
97.4583 2.34437
97.9718 2.3618
98.4852 2.37916
98.9987 2.39643
99.5122 2.41362
100.026 2.43071
100.539 2.44772
101.053 2.46465
101.566 2.4815
102.08 2.49825
102.593 2.51489
103.107 2.53141
103.62 2.54781
104.134 2.56408
104.647 2.5802
105.16 2.59617
105.674 2.61197
106.187 2.62762
106.701 2.64308
107.214 2.65836
107.728 2.67345
108.241 2.68834
108.755 2.70303
109.268 2.71751
109.782 2.73178
110.295 2.74582
110.809 2.75963
111.322 2.77321
111.836 2.78656
112.349 2.79967
112.863 2.81252
113.376 2.82513
113.89 2.83749
114.403 2.84959
114.917 2.86144
115.43 2.87302
115.944 2.88433
116.457 2.89538
116.97 2.90616
117.484 2.91668
117.997 2.92692
118.511 2.93689
119.024 2.94659
119.538 2.95602
120.051 2.96517
120.565 2.97405
121.078 2.98266
121.592 2.991
122.105 2.99907
122.619 3.00687
123.132 3.01441
123.646 3.02168
124.159 3.02868
124.673 3.03543
125.186 3.04191
125.7 3.04814
126.213 3.05412
126.727 3.05985
127.24 3.06533
127.754 3.07058
128.267 3.07558
128.78 3.08035
129.294 3.08489
129.807 3.0892
130.321 3.0933
130.834 3.09717
131.348 3.10084
131.861 3.1043
132.375 3.10756
132.888 3.11063
133.402 3.1135
133.915 3.1162
134.429 3.11871
134.942 3.12105
135.456 3.12323
135.969 3.12524
136.483 3.1271
136.996 3.12882
137.51 3.13039
138.023 3.13182
138.537 3.13313
139.05 3.13431
139.564 3.13538
140.077 3.13634
140.591 3.13719
141.104 3.13794
141.617 3.13861
142.131 3.13918
142.644 3.13968
143.158 3.14011
143.671 3.14047
144.185 3.14077
144.698 3.14101
145.212 3.1412
145.725 3.14135
146.239 3.14145
146.752 3.14153
147.266 3.14157
147.779 3.14159
148.293 3.14159
148.806 3.14159
149.32 3.14159
149.833 3.14159
150.347 3.14159
150.86 3.14159
151.374 3.14159
151.887 3.14159
152.401 3.14159
152.914 3.14159
153.427 3.14159
153.941 3.14159
154.454 3.14159
154.968 3.14159
155.481 3.14159
155.995 3.14159
156.508 3.14159
157.022 3.14159
157.535 3.14159
158.049 3.14159
158.562 3.14159
159.076 3.14159
159.589 3.14159
159.99 3.14159
159.995 3.14159
160 3.14159
999.99 3.14159
1000 3.14159