1001
4 0 0.0000000000e+00 0.0000000000e+00
4.00513 0.00708407 1.2609714354e-06 -1.4408537656e-03
4.01027 0.0106127 4.2249295731e-06 -2.1760754550e-03
4.0154 0.0132411 8.1771940673e-06 -2.7334580898e-03
4.02054 0.0154362 1.2910599828e-05 -3.2050143596e-03
4.02567 0.0173631 1.8310692826e-05 -3.6230474779e-03
4.03081 0.0191032 2.4301786974e-05 -4.0034396482e-03
4.03594 0.0207037 3.0828937186e-05 -4.3554209993e-03
4.04108 0.0221947 3.7849862029e-05 -4.6849356333e-03
4.04621 0.023597 4.5330693377e-05 -4.9960883436e-03
4.05135 0.0249257 5.3243493355e-05 -5.2918609001e-03
4.05648 0.0261918 6.1564691962e-05 -5.5745039156e-03
4.06162 0.0274042 7.0274047619e-05 -5.8457678568e-03
4.06675 0.0285695 7.9353924873e-05 -6.1070473885e-03
4.07189 0.0296935 8.8788774603e-05 -6.3594758721e-03
4.07702 0.0307806 9.8564749050e-05 -6.6039896437e-03
4.08216 0.0318346 1.0866940973e-04 -6.8413731537e-03
4.08729 0.0328586 1.1909150127e-04 -7.0722915356e-03
4.09243 0.0338555 1.2982077310e-04 -7.2973146545e-03
4.09756 0.0348275 1.4084783682e-04 -7.5169352249e-03
4.1027 0.0357767 1.5216405041e-04 -7.7315827012e-03
4.10783 0.0367048 1.6376142323e-04 -7.9416340942e-03
4.11297 0.0376135 1.7563253718e-04 -8.1474225096e-03
4.1181 0.038504 1.8777048066e-04 -8.3492439714e-03
4.12323 0.0393776 2.0016879273e-04 -8.5473629358e-03
4.12837 0.0402355 2.1282141563e-04 -8.7420167903e-03
4.1335 0.0410786 2.2572265399e-04 -8.9334195601e-03
4.13864 0.0419078 2.3886713966e-04 -9.1217649844e-03
4.14377 0.0427239 2.5224980115e-04 -9.3072290911e-03
4.14891 0.0435276 2.6586583691e-04 -9.4899723655e-03
4.15404 0.0443197 2.7971069197e-04 -9.6701415893e-03
4.15918 0.0451007 2.9378003725e-04 -9.8478714094e-03
4.16431 0.0458713 3.0806975122e-04 -1.0023285683e-02
4.16945 0.0466319 3.2257590372e-04 -1.0196498636e-02
4.17458 0.047383 3.3729474132e-04 -1.0367615870e-02
4.17972 0.048125 3.5222267439e-04 -1.0536735235e-02
4.18485 0.0488585 3.6735626532e-04 -1.0703947593e-02
4.18999 0.0495837 3.8269221803e-04 -1.0869337488e-02
4.19512 0.050301 3.9822736835e-04 -1.1032983736e-02
4.20026 0.0510108 4.1395867539e-04 -1.1194959946e-02
4.20539 0.0517133 4.2988321363e-04 -1.1355334981e-02
4.21053 0.0524089 4.4599816576e-04 -1.1514173372e-02
4.21566 0.0530978 4.6230081610e-04 -1.1671535680e-02
4.2208 0.0537804 4.7878854455e-04 -1.1827478827e-02
4.22593 0.0544567 4.9545882109e-04 -1.1982056389e-02
4.23107 0.0551271 5.1230920067e-04 -1.2135318858e-02
4.2362 0.0557918 5.2933731853e-04 -1.2287313885e-02
4.24134 0.056451 5.4654088587e-04 -1.2438086491e-02
4.24647 0.0571049 5.6391768584e-04 -1.2587679263e-02
4.2516 0.0577536 5.8146556980e-04 -1.2736132532e-02
4.25674 0.0583973 5.9918245391e-04 -1.2883484530e-02
4.26187 0.0590362 6.1706631588e-04 -1.3029771543e-02
4.26701 0.0596705 6.3511519202e-04 -1.3175028036e-02
4.27214 0.0603003 6.5332717442e-04 -1.3319286782e-02
4.27728 0.0609257 6.7170040836e-04 -1.3462578973e-02
4.28241 0.0615469 6.9023308990e-04 -1.3604934317e-02
4.28755 0.062164 7.0892346355e-04 -1.3746381141e-02
4.29268 0.0627771 7.2776982017e-04 -1.3886946470e-02
4.29782 0.0633864 7.4677049498e-04 -1.4026656111e-02
4.30295 0.0639919 7.6592386561e-04 -1.4165534725e-02
4.30809 0.0645937 7.8522835040e-04 -1.4303605898e-02
4.31322 0.0651921 8.0468240669e-04 -1.4440892200e-02
4.31836 0.065787 8.2428452924e-04 -1.4577415248e-02
4.32349 0.0663785 8.4403324877e-04 -1.4713195755e-02
4.32863 0.0669668 8.6392713055e-04 -1.4848253585e-02
4.33376 0.0675519 8.8396477304e-04 -1.4982607798e-02
4.3389 0.0681339 9.0414480670e-04 -1.5116276694e-02
4.34403 0.0687129 9.2446589272e-04 -1.5249277851e-02
4.34917 0.069289 9.4492672197e-04 -1.5381628168e-02
4.3543 0.0698622 9.6552601387e-04 -1.5513343897e-02
4.35944 0.0704327 9.8626251540e-04 -1.5644440677e-02
4.36457 0.0710004 1.0071350002e-03 -1.5774933563e-02
4.3697 0.0715654 1.0281422674e-03 -1.5904837058e-02
4.37484 0.0721279 1.0492831411e-03 -1.6034165140e-02
4.37997 0.0726879 1.0705564694e-03 -1.6162931285e-02
4.38511 0.0732454 1.0919611234e-03 -1.6291148494e-02
4.39024 0.0738004 1.1134959968e-03 -1.6418829312e-02
4.39538 0.0743531 1.1351600048e-03 -1.6545985853e-02
4.40051 0.0749035 1.1569520839e-03 -1.6672629817e-02
4.40565 0.0754517 1.1788711906e-03 -1.6798772512e-02
4.41078 0.0759976 1.2009163014e-03 -1.6924424866e-02
4.41592 0.0765414 1.2230864118e-03 -1.7049597453e-02
4.42105 0.0770831 1.2453805358e-03 -1.7174300497e-02
4.42619 0.0776228 1.2677977055e-03 -1.7298543898e-02
4.43132 0.0781604 1.2903369704e-03 -1.7422337239e-02
4.43646 0.078696 1.3129973969e-03 -1.7545689802e-02
4.44159 0.0792297 1.3357780681e-03 -1.7668610580e-02
4.44673 0.0797615 1.3586780827e-03 -1.7791108291e-02
4.45186 0.0802915 1.3816965554e-03 -1.7913191385e-02
4.457 0.0808196 1.4048326157e-03 -1.8034868060e-02
4.46213 0.0813459 1.4280854079e-03 -1.8156146267e-02
4.46727 0.0818705 1.4514540906e-03 -1.8277033724e-02
4.4724 0.0823934 1.4749378364e-03 -1.8397537923e-02
4.47754 0.0829146 1.4985358315e-03 -1.8517666140e-02
4.48267 0.0834342 1.5222472751e-03 -1.8637425442e-02
4.4878 0.0839521 1.5460713794e-03 -1.8756822696e-02
4.49294 0.0844685 1.5700073691e-03 -1.8875864574e-02
4.49807 0.0849833 1.5940544811e-03 -1.8994557566e-02
4.50321 0.0854966 1.6182119643e-03 -1.9112907981e-02
4.50834 0.0860084 1.6424790792e-03 -1.9230921955e-02
4.51348 0.0865187 1.6668550975e-03 -1.9348605461e-02
4.51861 0.0870276 1.6913393020e-03 -1.9465964309e-02
4.52375 0.087535 1.7159309864e-03 -1.9583004155e-02
4.52888 0.0880411 1.7406294549e-03 -1.9699730509e-02
4.53402 0.0885458 1.7654340218e-03 -1.9816148733e-02
4.53915 0.0890491 1.7903440117e-03 -1.9932264054e-02
4.54429 0.0895511 1.8153587588e-03 -2.0048081563e-02
4.54942 0.0900519 1.8404776070e-03 -2.0163606222e-02
4.55456 0.0905513 1.8656999097e-03 -2.0278842867e-02
4.55969 0.0910495 1.8910250291e-03 -2.0393796216e-02
4.56483 0.0915465 1.9164523367e-03 -2.0508470867e-02
4.56996 0.0920423 1.9419812126e-03 -2.0622871307e-02
4.5751 0.0925368 1.9676110455e-03 -2.0737001912e-02
4.58023 0.0930302 1.9933412324e-03 -2.0850866953e-02
4.58537 0.0935225 2.0191711786e-03 -2.0964470599e-02
4.5905 0.0940136 2.0451002975e-03 -2.1077816919e-02
4.59564 0.0945036 2.0711280101e-03 -2.1190909886e-02
4.60077 0.0949925 2.0972537454e-03 -2.1303753381e-02
4.60591 0.0954804 2.1234769398e-03 -2.1416351193e-02
4.61104 0.0959671 2.1497970369e-03 -2.1528707026e-02
4.61617 0.0964528 2.1762134878e-03 -2.1640824495e-02
4.62131 0.0969375 2.2027257507e-03 -2.1752707138e-02
4.62644 0.0974212 2.2293332904e-03 -2.1864358410e-02
4.63158 0.0979039 2.2560355789e-03 -2.1975781689e-02
4.63671 0.0983856 2.2828320947e-03 -2.2086980278e-02
4.64185 0.0988664 2.3097223228e-03 -2.2197957408e-02
4.64698 0.0993462 2.3367057546e-03 -2.2308716238e-02
4.65212 0.099825 2.3637818879e-03 -2.2419259860e-02
4.65725 0.100303 2.3909502267e-03 -2.2529591296e-02
4.66239 0.10078 2.4182102809e-03 -2.2639713508e-02
4.66752 0.101256 2.4455615664e-03 -2.2749629389e-02
4.67266 0.101731 2.4730036050e-03 -2.2859341777e-02
4.67779 0.102206 2.5005359241e-03 -2.2968853445e-02
4.68293 0.102679 2.5281580569e-03 -2.3078167111e-02
4.68806 0.103152 2.5558695419e-03 -2.3187285437e-02
4.6932 0.103624 2.5836699232e-03 -2.3296211028e-02
4.69833 0.104095 2.6115587501e-03 -2.3404946438e-02
4.70347 0.104565 2.6395355772e-03 -2.3513494167e-02
4.7086 0.105034 2.6675999641e-03 -2.3621856667e-02
4.71374 0.105503 2.6957514757e-03 -2.3730036337e-02
4.71887 0.105971 2.7239896815e-03 -2.3838035533e-02
4.72401 0.106438 2.7523141563e-03 -2.3945856561e-02
4.72914 0.106904 2.7807244792e-03 -2.4053501682e-02
4.73427 0.10737 2.8092202344e-03 -2.4160973113e-02
4.73941 0.107835 2.8378010106e-03 -2.4268273029e-02
4.74454 0.108299 2.8664664010e-03 -2.4375403562e-02
4.74968 0.108763 2.8952160033e-03 -2.4482366802e-02
4.75481 0.109225 2.9240494196e-03 -2.4589164802e-02
4.75995 0.109687 2.9529662562e-03 -2.4695799573e-02
4.76508 0.110149 2.9819661240e-03 -2.4802273090e-02
4.77022 0.110609 3.0110486377e-03 -2.4908587290e-02
4.77535 0.111069 3.0402134163e-03 -2.5014744074e-02
4.78049 0.111529 3.0694600828e-03 -2.5120745308e-02
4.78562 0.111988 3.0987882644e-03 -2.5226592825e-02
4.79076 0.112446 3.1281975918e-03 -2.5332288421e-02
4.79589 0.112903 3.1576877000e-03 -2.5437833862e-02
4.80103 0.11336 3.1872582275e-03 -2.5543230882e-02
4.80616 0.113816 3.2169088166e-03 -2.5648481182e-02
4.8113 0.114272 3.2466391135e-03 -2.5753586434e-02
4.81643 0.114727 3.2764487677e-03 -2.5858548281e-02
4.82157 0.115181 3.3063374326e-03 -2.5963368334e-02
4.8267 0.115635 3.3363047648e-03 -2.6068048178e-02
4.83184 0.116088 3.3663504247e-03 -2.6172589369e-02
4.83697 0.116541 3.3964740758e-03 -2.6276993437e-02
4.84211 0.116993 3.4266753852e-03 -2.6381261885e-02
4.84724 0.117445 3.4569540231e-03 -2.6485396190e-02
4.85237 0.117896 3.4873096632e-03 -2.6589397804e-02
4.85751 0.118346 3.5177419823e-03 -2.6693268153e-02
4.86264 0.118796 3.5482506604e-03 -2.6797008639e-02
4.86778 0.119246 3.5788353805e-03 -2.6900620643e-02
4.87291 0.119695 3.6094958289e-03 -2.7004105520e-02
4.87805 0.120143 3.6402316948e-03 -2.7107464602e-02
4.88318 0.120591 3.6710426703e-03 -2.7210699202e-02
4.88832 0.121038 3.7019284508e-03 -2.7313810607e-02
4.89345 0.121485 3.7328887342e-03 -2.7416800087e-02
4.89859 0.121932 3.7639232216e-03 -2.7519668888e-02
4.90372 0.122378 3.7950316166e-03 -2.7622418238e-02
4.90886 0.122823 3.8262136259e-03 -2.7725049344e-02
4.91399 0.123268 3.8574689589e-03 -2.7827563392e-02
4.91913 0.123712 3.8887973275e-03 -2.7929961552e-02
4.92426 0.124157 3.9201984465e-03 -2.8032244973e-02
4.9294 0.1246 3.9516720333e-03 -2.8134414787e-02
4.93453 0.125043 3.9832178078e-03 -2.8236472108e-02
4.93967 0.125486 4.0148354926e-03 -2.8338418031e-02
4.9448 0.125928 4.0465248128e-03 -2.8440253635e-02
4.94994 0.12637 4.0782854960e-03 -2.8541979983e-02
4.95507 0.126811 4.1101172723e-03 -2.8643598119e-02
4.96021 0.127252 4.1420198741e-03 -2.8745109074e-02
4.96534 0.127693 4.1739930364e-03 -2.8846513860e-02
4.97047 0.128133 4.2060364965e-03 -2.8947813476e-02
4.97561 0.128573 4.2381499941e-03 -2.9049008904e-02
4.98074 0.129012 4.2703332710e-03 -2.9150101113e-02
4.98588 0.129451 4.3025860716e-03 -2.9251091054e-02
4.99101 0.129889 4.3349081423e-03 -2.9351979668e-02
4.99615 0.130327 4.3672992319e-03 -2.9452767878e-02
5.00128 0.130765 4.3997590914e-03 -2.9553456597e-02
5.00642 0.131202 4.4322874738e-03 -2.9654046720e-02
5.01155 0.131639 4.4648841344e-03 -2.9754539133e-02
5.01669 0.132076 4.4975488306e-03 -2.9854934706e-02
5.02182 0.132512 4.5302813219e-03 -2.9955234297e-02
5.03209 0.133383 4.5959487380e-03 -3.0155548908e-02
5.54557 0.175598 8.1893113845e-03 -3.9794423403e-02
6.05905 0.216309 1.2297889021e-02 -4.8932128175e-02
6.57253 0.256308 1.6836572418e-02 -5.7739804607e-02
7.08601 0.295865 2.1759686341e-02 -6.6289815129e-02
7.59949 0.335049 2.7042954657e-02 -7.4618880686e-02
8.11297 0.373841 3.2675197245e-02 -8.2748417858e-02
8.62644 0.41218 3.8654018283e-02 -9.0692483237e-02
9.13992 0.449986 4.4983402019e-02 -9.8461288150e-02
9.6534 0.487176 5.1672320278e-02 -1.0606289617e-01
10.1669 0.523671 5.8733921469e-02 -1.1350409815e-01
10.6804 0.559398 6.6185077670e-02 -1.2079088645e-01
11.1938 0.594293 7.4046167243e-02 -1.2792872232e-01
11.7073 0.628307 8.2341023313e-02 -1.3492269143e-01
12.2208 0.6614 9.1097007941e-02 -1.4177759688e-01
12.7343 0.693544 1.0034518921e-01 -1.4849801585e-01
13.2478 0.724722 1.1012060931e-01 -1.5508833507e-01
13.7612 0.754928 1.2046263877e-01 -1.6155277324e-01
14.2747 0.784163 1.3141541738e-01 -1.6789539570e-01
14.7882 0.812436 1.4302838563e-01 -1.7412012425e-01
15.3017 0.839765 1.5535691433e-01 -1.8023074395e-01
15.8151 0.866172 1.6846304206e-01 -1.8623090818e-01
16.3286 0.891681 1.8241633291e-01 -1.9212414250e-01
16.8421 0.916324 1.9729486869e-01 -1.9791384789e-01
17.3556 0.940132 2.1318639133e-01 -2.0360330368e-01
17.8691 0.963141 2.3018961179e-01 -2.0919567022e-01
18.3825 0.985385 2.4841570111e-01 -2.1469399147e-01
18.896 1.0069 2.6798997611e-01 -2.2010119766e-01
19.4095 1.02773 2.8905378534e-01 -2.2542010788e-01
19.923 1.0479 3.1176658840e-01 -2.3065343278e-01
20.4365 1.06745 3.3630819936e-01 -2.3580377728e-01
20.9499 1.08642 3.6288112940e-01 -2.4087364338e-01
21.4634 1.10484 3.9171290625e-01 -2.4586543300e-01
21.9769 1.12275 4.2305816114e-01 -2.5078145082e-01
22.4904 1.14019 4.5720014301e-01 -2.5562390720e-01
23.0039 1.15717 4.9445113234e-01 -2.6039492114e-01
23.5173 1.17375 5.3515096631e-01 -2.6509652321e-01
24.0308 1.18994 5.7966254734e-01 -2.6973065849e-01
24.5443 1.20578 6.2836279993e-01 -2.7429918954e-01
25.0578 1.22129 6.8162712818e-01 -2.7880389934e-01
25.5712 1.23651 7.3980515463e-01 -2.8324649421e-01
26.0847 1.25147 8.0318567659e-01 -2.8762860670e-01
26.5982 1.26618 8.7194980626e-01 -2.9195179845e-01
27.1117 1.28068 9.4611371227e-01 -2.9621756308e-01
27.6252 1.29499 1.0254666196e+00 -3.0042732890e-01
28.1386 1.30915 1.1095153676e+00 -3.0458246171e-01
28.6521 1.32317 1.1974520442e+00 -3.0868426747e-01
29.1656 1.33707 1.2881625877e+00 -3.1273399499e-01
29.6791 1.3509 1.3802881525e+00 -3.1673283844e-01
30.1926 1.36467 1.4723367462e+00 -3.2068193997e-01
30.706 1.37841 1.5628249957e+00 -3.2458239210e-01
31.2195 1.39214 1.6504179114e+00 -3.2843524021e-01
31.733 1.4059 1.7340353417e+00 -3.3224148480e-01
32.2465 1.41972 1.8129069402e+00 -3.3600208383e-01
32.7599 1.43361 1.8865751518e+00 -3.3971795491e-01
33.2734 1.44763 1.9548591840e+00 -3.4338997742e-01
33.7869 1.46179 2.0177980220e+00 -3.4701899462e-01
34.3004 1.47614 2.0755885170e+00 -3.5060581562e-01
34.8139 1.49071 2.1285291553e+00 -3.5415121735e-01
35.3273 1.50554 2.1769745776e+00 -3.5765594634e-01
35.8408 1.52069 2.2213018878e+00 -3.6112072059e-01
36.3543 1.5362 2.2618875354e+00 -3.6454623121e-01
36.8678 1.55213 2.2990926530e+00 -3.6793314408e-01
37.3813 1.56854 2.3332546479e+00 -3.7128210141e-01
37.8947 1.5855 2.3646831440e+00 -3.7459372318e-01
38.4082 1.60309 2.3936587921e+00 -3.7786860856e-01
38.9217 1.6214 2.4204338626e+00 -3.8110733721e-01
39.4352 1.64052 2.4452338716e+00 -3.8431047049e-01
39.9487 1.66059 2.4682597391e+00 -3.8747855260e-01
40.4621 1.68174 2.4896901655e+00 -3.9061211161e-01
40.9756 1.70414 2.5096840371e+00 -3.9371166039e-01
41.4891 1.72797 2.5283827745e+00 -3.9677769745e-01
42.0026 1.75346 2.5459126250e+00 -3.9981070760e-01
42.516 1.7809 2.5623870861e+00 -4.0281116260e-01
43.0295 1.81061 2.5779106015e+00 -4.0577952147e-01
43.543 1.84301 2.5925882113e+00 -4.0871623086e-01
44.0565 1.87861 2.6064687327e+00 -4.1162172498e-01
44.57 1.91803 2.6196134538e+00 -4.1449642549e-01
45.0834 1.9621 2.6320845276e+00 -4.1734074092e-01
45.5969 2.01182 2.6439376836e+00 -4.2015506578e-01
46.1104 2.06853 2.6552229850e+00 -4.2293977913e-01
46.6239 2.13397 2.6659854899e+00 -4.2569524240e-01
47.1374 2.21043 2.6762658261e+00 -4.2842179621e-01
47.6508 2.30097 2.6861006943e+00 -4.3111975556e-01
48.1643 2.40978 2.6955233062e+00 -4.3378940269e-01
48.6778 2.54266 2.7045637687e+00 -4.3643097576e-01
48.6829 2.54414 2.7046523381e+00 -4.3645725037e-01
48.6881 2.54562 2.7047408721e+00 -4.3648352220e-01
48.6932 2.5471 2.7048293707e+00 -4.3650979124e-01
48.6983 2.54859 2.7049178339e+00 -4.3653605749e-01
48.7035 2.55008 2.7050062617e+00 -4.3656232095e-01
48.7086 2.55157 2.7050946542e+00 -4.3658858162e-01
48.7137 2.55307 2.7051830114e+00 -4.3661483950e-01
48.7189 2.55457 2.7052713334e+00 -4.3664109460e-01
48.724 2.55607 2.7053596201e+00 -4.3666734691e-01
48.7291 2.55758 2.7054478715e+00 -4.3669359643e-01
48.7343 2.55909 2.7055360878e+00 -4.3671984316e-01
48.7394 2.5606 2.7056242688e+00 -4.3674608710e-01
48.7445 2.56212 2.7057124148e+00 -4.3677232826e-01
48.7497 2.56364 2.7058005256e+00 -4.3679856663e-01
48.7548 2.56516 2.7058886013e+00 -4.3682480221e-01
48.7599 2.56669 2.7059766419e+00 -4.3685103501e-01
48.7651 2.56822 2.7060646475e+00 -4.3687726501e-01
48.7702 2.56975 2.7061526180e+00 -4.3690349223e-01
48.7754 2.57129 2.7062405536e+00 -4.3692971667e-01
48.7805 2.57283 2.7063284542e+00 -4.3695593832e-01
48.7856 2.57437 2.7064163198e+00 -4.3698215718e-01
48.7908 2.57592 2.7065041506e+00 -4.3700837325e-01
48.7959 2.57747 2.7065919464e+00 -4.3703458654e-01
48.801 2.57903 2.7066797074e+00 -4.3706079704e-01
48.8062 2.58059 2.7067674335e+00 -4.3708700476e-01
48.8113 2.58215 2.7068551248e+00 -4.3711320969e-01
48.8164 2.58371 2.7069427813e+00 -4.3713941183e-01
48.8216 2.58528 2.7070304031e+00 -4.3716561119e-01
48.8267 2.58685 2.7071179901e+00 -4.3719180777e-01
48.8318 2.58843 2.7072055423e+00 -4.3721800155e-01
48.837 2.59001 2.7072930599e+00 -4.3724419256e-01
48.8421 2.59159 2.7073805429e+00 -4.3727038077e-01
48.8472 2.59318 2.7074679912e+00 -4.3729656620e-01
48.8524 2.59477 2.7075554049e+00 -4.3732274885e-01
48.8575 2.59637 2.7076427839e+00 -4.3734892871e-01
48.8626 2.59796 2.7077301285e+00 -4.3737510579e-01
48.8678 2.59956 2.7078174385e+00 -4.3740128008e-01
48.8729 2.60117 2.7079047139e+00 -4.3742745159e-01
48.878 2.60278 2.7079919549e+00 -4.3745362031e-01
48.8832 2.60439 2.7080791614e+00 -4.3747978625e-01
48.8883 2.60601 2.7081663335e+00 -4.3750594940e-01
48.8935 2.60763 2.7082534712e+00 -4.3753210977e-01
48.8986 2.60925 2.7083405744e+00 -4.3755826736e-01
48.9037 2.61088 2.7084276434e+00 -4.3758442216e-01
48.9089 2.61251 2.7085146779e+00 -4.3761057418e-01
48.914 2.61415 2.7086016782e+00 -4.3763672341e-01
48.9191 2.61579 2.7086886442e+00 -4.3766286986e-01
48.9243 2.61743 2.7087755759e+00 -4.3768901353e-01
48.9294 2.61908 2.7088624733e+00 -4.3771515441e-01
48.9345 2.62073 2.7089493366e+00 -4.3774129251e-01
48.9397 2.62239 2.7090361657e+00 -4.3776742782e-01
48.9448 2.62404 2.7091229606e+00 -4.3779356036e-01
48.9499 2.62571 2.7092097213e+00 -4.3781969011e-01
48.9551 2.62737 2.7092964480e+00 -4.3784581707e-01
48.9602 2.62905 2.7093831405e+00 -4.3787194125e-01
48.9653 2.63072 2.7094697990e+00 -4.3789806265e-01
48.9705 2.6324 2.7095564235e+00 -4.3792418127e-01
48.9756 2.63408 2.7096430139e+00 -4.3795029710e-01
48.9807 2.63577 2.7097295703e+00 -4.3797641015e-01
48.9859 2.63746 2.7098160928e+00 -4.3800252042e-01
48.991 2.63916 2.7099025813e+00 -4.3802862791e-01
48.9961 2.64086 2.7099890360e+00 -4.3805473261e-01
49.0013 2.64256 2.7100754567e+00 -4.3808083453e-01
49.0064 2.64427 2.7101618435e+00 -4.3810693367e-01
49.0116 2.64598 2.7102481965e+00 -4.3813303002e-01
49.0167 2.64769 2.7103345157e+00 -4.3815912360e-01
49.0218 2.64941 2.7104208011e+00 -4.3818521439e-01
49.027 2.65114 2.7105070528e+00 -4.3821130240e-01
49.0321 2.65287 2.7105932706e+00 -4.3823738763e-01
49.0372 2.6546 2.7106794548e+00 -4.3826347007e-01
49.0424 2.65634 2.7107656052e+00 -4.3828954973e-01
49.0475 2.65808 2.7108517220e+00 -4.3831562661e-01
49.0526 2.65982 2.7109378052e+00 -4.3834170071e-01
49.0578 2.66157 2.7110238547e+00 -4.3836777203e-01
49.0629 2.66333 2.7111098706e+00 -4.3839384057e-01
49.068 2.66509 2.7111958529e+00 -4.3841990632e-01
49.0732 2.66685 2.7112818017e+00 -4.3844596929e-01
49.0783 2.66862 2.7113677170e+00 -4.3847202948e-01
49.0834 2.67039 2.7114535987e+00 -4.3849808689e-01
49.0886 2.67217 2.7115394470e+00 -4.3852414152e-01
49.0937 2.67395 2.7116252618e+00 -4.3855019337e-01
49.0988 2.67573 2.7117110432e+00 -4.3857624243e-01
49.104 2.67752 2.7117967912e+00 -4.3860228872e-01
49.1091 2.67932 2.7118825058e+00 -4.3862833222e-01
49.1142 2.68111 2.7119681870e+00 -4.3865437294e-01
49.1194 2.68292 2.7120538349e+00 -4.3868041088e-01
49.1245 2.68473 2.7121394495e+00 -4.3870644604e-01
49.1297 2.68654 2.7122250309e+00 -4.3873247842e-01
49.1348 2.68836 2.7123105789e+00 -4.3875850801e-01
49.1399 2.69018 2.7123960937e+00 -4.3878453483e-01
49.1451 2.69201 2.7124815753e+00 -4.3881055886e-01
49.1502 2.69384 2.7125670237e+00 -4.3883658012e-01
49.1553 2.69567 2.7126524390e+00 -4.3886259859e-01
49.1605 2.69751 2.7127378210e+00 -4.3888861428e-01
49.1656 2.69936 2.7128231700e+00 -4.3891462719e-01
49.1707 2.70121 2.7129084859e+00 -4.3894063732e-01
49.1759 2.70307 2.7129937687e+00 -4.3896664467e-01
49.181 2.70493 2.7130790185e+00 -4.3899264924e-01
49.1861 2.70679 2.7131642352e+00 -4.3901865103e-01
49.1913 2.70866 2.7132494190e+00 -4.3904465004e-01
49.1964 2.71054 2.7133345697e+00 -4.3907064626e-01
49.2015 2.71242 2.7134196875e+00 -4.3909663971e-01
49.2067 2.7143 2.7135047724e+00 -4.3912263037e-01
49.2118 2.7162 2.7135898244e+00 -4.3914861826e-01
49.2169 2.71809 2.7136748435e+00 -4.3917460336e-01
49.2221 2.71999 2.7137598297e+00 -4.3920058568e-01
49.2272 2.7219 2.7138447831e+00 -4.3922656523e-01
49.2323 2.72381 2.7139297037e+00 -4.3925254199e-01
49.2375 2.72572 2.7140145915e+00 -4.3927851597e-01
49.2426 2.72765 2.7140994465e+00 -4.3930448717e-01
49.2478 2.72957 2.7141842688e+00 -4.3933045559e-01
49.2529 2.7315 2.7142690584e+00 -4.3935642123e-01
49.258 2.73344 2.7143538153e+00 -4.3938238409e-01
49.2632 2.73538 2.7144385395e+00 -4.3940834417e-01
49.2683 2.73733 2.7145232311e+00 -4.3943430146e-01
49.2734 2.73929 2.7146078900e+00 -4.3946025598e-01
49.2786 2.74125 2.7146925163e+00 -4.3948620772e-01
49.2837 2.74321 2.7147771101e+00 -4.3951215667e-01
49.2888 2.74518 2.7148616713e+00 -4.3953810285e-01
49.294 2.74716 2.7149462000e+00 -4.3956404624e-01
49.2991 2.74914 2.7150306962e+00 -4.3958998685e-01
49.3042 2.75112 2.7151151599e+00 -4.3961592469e-01
49.3094 2.75312 2.7151995911e+00 -4.3964185974e-01
49.3145 2.75512 2.7152839899e+00 -4.3966779201e-01
49.3196 2.75712 2.7153683563e+00 -4.3969372150e-01
49.3248 2.75913 2.7154526903e+00 -4.3971964821e-01
49.3299 2.76115 2.7155369919e+00 -4.3974557214e-01
49.335 2.76317 2.7156212612e+00 -4.3977149329e-01
49.3402 2.76519 2.7157054981e+00 -4.3979741166e-01
49.3453 2.76723 2.7157897028e+00 -4.3982332724e-01
49.3504 2.76927 2.7158738752e+00 -4.3984924005e-01
49.3556 2.77131 2.7159580153e+00 -4.3987515008e-01
49.3607 2.77337 2.7160421232e+00 -4.3990105732e-01
49.3659 2.77542 2.7161261989e+00 -4.3992696178e-01
49.371 2.77749 2.7162102424e+00 -4.3995286346e-01
49.3761 2.77956 2.7162942537e+00 -4.3997876237e-01
49.3813 2.78164 2.7163782329e+00 -4.4000465849e-01
49.3864 2.78372 2.7164621800e+00 -4.4003055182e-01
49.3915 2.78581 2.7165460950e+00 -4.4005644238e-01
49.3967 2.7879 2.7166299780e+00 -4.4008233016e-01
49.4018 2.79001 2.7167138289e+00 -4.4010821515e-01
49.4069 2.79212 2.7167976477e+00 -4.4013409737e-01
49.4121 2.79423 2.7168814346e+00 -4.4015997680e-01
49.4172 2.79635 2.7169651895e+00 -4.4018585345e-01
49.4223 2.79848 2.7170489124e+00 -4.4021172732e-01
49.4275 2.80062 2.7171326034e+00 -4.4023759841e-01
49.4326 2.80276 2.7172162625e+00 -4.4026346672e-01
49.4377 2.80491 2.7172998897e+00 -4.4028933224e-01
49.4429 2.80707 2.7173834850e+00 -4.4031519498e-01
49.448 2.80923 2.7174670485e+00 -4.4034105494e-01
49.4531 2.8114 2.7175505802e+00 -4.4036691212e-01
49.4583 2.81358 2.7176340801e+00 -4.4039276652e-01
49.4634 2.81577 2.7177175482e+00 -4.4041861814e-01
49.4685 2.81796 2.7178009846e+00 -4.4044446697e-01
49.4737 2.82016 2.7178843892e+00 -4.4047031302e-01
49.4788 2.82237 2.7179677621e+00 -4.4049615629e-01
49.484 2.82458 2.7180511033e+00 -4.4052199678e-01
49.4891 2.8268 2.7181344129e+00 -4.4054783448e-01
49.4942 2.82903 2.7182176909e+00 -4.4057366940e-01
49.4994 2.83127 2.7183009372e+00 -4.4059950154e-01
49.5045 2.83352 2.7183841519e+00 -4.4062533090e-01
49.5096 2.83577 2.7184673351e+00 -4.4065115747e-01
49.5148 2.83803 2.7185504867e+00 -4.4067698126e-01
49.5199 2.8403 2.7186336068e+00 -4.4070280227e-01
49.525 2.84258 2.7187166953e+00 -4.4072862049e-01
49.5302 2.84487 2.7187997524e+00 -4.4075443594e-01
49.5353 2.84716 2.7188827781e+00 -4.4078024859e-01
49.5404 2.84946 2.7189657723e+00 -4.4080605847e-01
49.5456 2.85178 2.7190487350e+00 -4.4083186556e-01
49.5507 2.8541 2.7191316664e+00 -4.4085766987e-01
49.5558 2.85643 2.7192145665e+00 -4.4088347139e-01
49.561 2.85876 2.7192974351e+00 -4.4090927013e-01
49.5661 2.86111 2.7193802725e+00 -4.4093506609e-01
49.5712 2.86347 2.7194630785e+00 -4.4096085926e-01
49.5764 2.86583 2.7195458533e+00 -4.4098664965e-01
49.5815 2.8682 2.7196285968e+00 -4.4101243725e-01
49.5866 2.87059 2.7197113090e+00 -4.4103822207e-01
49.5918 2.87298 2.7197939901e+00 -4.4106400411e-01
49.5969 2.87538 2.7198766399e+00 -4.4108978336e-01
49.6021 2.8778 2.7199592586e+00 -4.4111555982e-01
49.6072 2.88022 2.7200418461e+00 -4.4114133350e-01
49.6123 2.88265 2.7201244025e+00 -4.4116710440e-01
49.6175 2.88509 2.7202069278e+00 -4.4119287251e-01
49.6226 2.88755 2.7202894220e+00 -4.4121863783e-01
49.6277 2.89001 2.7203718852e+00 -4.4124440037e-01
49.6329 2.89249 2.7204543173e+00 -4.4127016013e-01
49.638 2.89497 2.7205367184e+00 -4.4129591709e-01
49.6431 2.89747 2.7206190885e+00 -4.4132167128e-01
49.6483 2.89997 2.7207014276e+00 -4.4134742267e-01
49.6534 2.90249 2.7207837358e+00 -4.4137317128e-01
49.6585 2.90502 2.7208660130e+00 -4.4139891710e-01
49.6637 2.90756 2.7209482593e+00 -4.4142466014e-01
49.6688 2.91012 2.7210304748e+00 -4.4145040039e-01
49.6739 2.91268 2.7211126594e+00 -4.4147613785e-01
49.6791 2.91526 2.7211948131e+00 -4.4150187253e-01
49.6842 2.91785 2.7212769360e+00 -4.4152760441e-01
49.6893 2.92046 2.7213590281e+00 -4.4155333351e-01
49.6945 2.92307 2.7214410894e+00 -4.4157905983e-01
49.6996 2.9257 2.7215231200e+00 -4.4160478335e-01
49.7047 2.92834 2.7216051199e+00 -4.4163050409e-01
49.7099 2.931 2.7216870890e+00 -4.4165622204e-01
49.715 2.93367 2.7217690274e+00 -4.4168193720e-01
49.7202 2.93635 2.7218509352e+00 -4.4170764957e-01
49.7253 2.93905 2.7219328123e+00 -4.4173335915e-01
49.7304 2.94177 2.7220146588e+00 -4.4175906594e-01
49.7356 2.9445 2.7220964747e+00 -4.4178476995e-01
49.7407 2.94724 2.7221782600e+00 -4.4181047116e-01
49.7458 2.95 2.7222600147e+00 -4.4183616959e-01
49.751 2.95278 2.7223417389e+00 -4.4186186522e-01
49.7561 2.95557 2.7224234326e+00 -4.4188755807e-01
49.7612 2.95838 2.7225050957e+00 -4.4191324812e-01
49.7664 2.96121 2.7225867284e+00 -4.4193893539e-01
49.7715 2.96405 2.7226683307e+00 -4.4196461986e-01
49.7766 2.96691 2.7227499025e+00 -4.4199030154e-01
49.7818 2.9698 2.7228314439e+00 -4.4201598043e-01
49.7869 2.9727 2.7229129549e+00 -4.4204165653e-01
49.792 2.97562 2.7229944355e+00 -4.4206732984e-01
49.7972 2.97855 2.7230758858e+00 -4.4209300035e-01
49.8023 2.98152 2.7231573057e+00 -4.4211866808e-01
49.8074 2.9845 2.7232386954e+00 -4.4214433301e-01
49.8126 2.9875 2.7233200547e+00 -4.4216999515e-01
49.8177 2.99053 2.7234013838e+00 -4.4219565449e-01
49.8228 2.99357 2.7234826827e+00 -4.4222131104e-01
49.828 2.99665 2.7235639513e+00 -4.4224696480e-01
49.8331 2.99974 2.7236451897e+00 -4.4227261576e-01
49.8383 3.00287 2.7237263980e+00 -4.4229826393e-01
49.8434 3.00601 2.7238075761e+00 -4.4232390931e-01
49.8485 3.00919 2.7238887240e+00 -4.4234955189e-01
49.8537 3.01239 2.7239698419e+00 -4.4237519168e-01
49.8588 3.01563 2.7240509296e+00 -4.4240082867e-01
49.8639 3.01889 2.7241319873e+00 -4.4242646286e-01
49.8691 3.02218 2.7242130149e+00 -4.4245209426e-01
49.8742 3.02551 2.7242940125e+00 -4.4247772287e-01
49.8793 3.02887 2.7243749800e+00 -4.4250334868e-01
49.8845 3.03226 2.7244559176e+00 -4.4252897169e-01
49.8896 3.0357 2.7245368252e+00 -4.4255459190e-01
49.8947 3.03917 2.7246177029e+00 -4.4258020932e-01
49.8999 3.04268 2.7246985506e+00 -4.4260582393e-01
49.905 3.04623 2.7247793684e+00 -4.4263143575e-01
49.9101 3.04983 2.7248601563e+00 -4.4265704478e-01
49.9153 3.05347 2.7249409144e+00 -4.4268265100e-01
49.9204 3.05716 2.7250216426e+00 -4.4270825443e-01
49.9255 3.0609 2.7251023410e+00 -4.4273385505e-01
49.9307 3.0647 2.7251830096e+00 -4.4275945288e-01
49.9358 3.06856 2.7252636485e+00 -4.4278504790e-01
49.9409 3.07247 2.7253442575e+00 -4.4281064013e-01
49.9461 3.07646 2.7254248368e+00 -4.4283622955e-01
49.9512 3.08051 2.7255053864e+00 -4.4286181618e-01
49.9564 3.08464 2.7255859063e+00 -4.4288740000e-01
49.9615 3.08884 2.7256663965e+00 -4.4291298102e-01
49.9666 3.09314 2.7257468571e+00 -4.4293855924e-01
49.9718 3.09753 2.7258272880e+00 -4.4296413465e-01
49.9769 3.10202 2.7259076893e+00 -4.4298970727e-01
49.982 3.10663 2.7259880610e+00 -4.4301527707e-01
49.9872 3.11136 2.7260684032e+00 -4.4304084408e-01
49.9923 3.11623 2.7261487157e+00 -4.4306640828e-01
49.9974 3.12126 2.7262289988e+00 -4.4309196968e-01
50.0026 3.12646 2.7263092523e+00 -4.4311752827e-01
50.0077 3.13186 2.7263894763e+00 -4.4314308406e-01
50.0128 3.1375 2.7264696709e+00 -4.4316863704e-01
50.018 3.14341 2.7265498360e+00 -4.4319418721e-01
50.0231 3.14965 2.7266299717e+00 -4.4321973458e-01
50.0282 3.1563 2.7267100780e+00 -4.4324527915e-01
50.0334 3.16348 2.7267901548e+00 -4.4327082090e-01
50.0385 3.17135 2.7268702023e+00 -4.4329635985e-01
50.0436 3.18025 2.7269502205e+00 -4.4332189598e-01
50.0488 3.19081 2.7270302093e+00 -4.4334742931e-01
50.0539 3.20505 2.7271101688e+00 -4.4337295983e-01
50.0591 3.22917 2.7271900990e+00 -4.4339848754e-01
50.0642 3.23014 2.7272700000e+00 -4.4342401244e-01
50.0693 3.23112 2.7273498717e+00 -4.4344953453e-01
50.0745 3.2321 2.7274297142e+00 -4.4347505381e-01
50.0796 3.23307 2.7275095274e+00 -4.4350057028e-01
50.0847 3.23405 2.7275893115e+00 -4.4352608393e-01
50.0899 3.23503 2.7276690664e+00 -4.4355159477e-01
50.095 3.23601 2.7277487922e+00 -4.4357710280e-01
50.1001 3.237 2.7278284888e+00 -4.4360260802e-01
50.1053 3.23798 2.7279081563e+00 -4.4362811042e-01
50.1104 3.23896 2.7279877948e+00 -4.4365361001e-01
50.1155 3.23995 2.7280674041e+00 -4.4367910678e-01
50.1207 3.24094 2.7281469844e+00 -4.4370460074e-01
50.1258 3.24193 2.7282265357e+00 -4.4373009188e-01
50.1309 3.24292 2.7283060580e+00 -4.4375558020e-01
50.1361 3.24391 2.7283855513e+00 -4.4378106571e-01
50.1412 3.24491 2.7284650157e+00 -4.4380654840e-01
50.1463 3.2459 2.7285444510e+00 -4.4383202827e-01
50.1515 3.2469 2.7286238575e+00 -4.4385750532e-01
50.1566 3.24789 2.7287032350e+00 -4.4388297955e-01
50.1617 3.24889 2.7287825837e+00 -4.4390845096e-01
50.1669 3.24989 2.7288619035e+00 -4.4393391955e-01
50.172 3.25089 2.7289411944e+00 -4.4395938532e-01
50.1772 3.2519 2.7290204566e+00 -4.4398484827e-01
50.1823 3.2529 2.7290996899e+00 -4.4401030840e-01
50.1874 3.25391 2.7291788944e+00 -4.4403576570e-01
50.1926 3.25491 2.7292580702e+00 -4.4406122018e-01
50.1977 3.25592 2.7293372172e+00 -4.4408667183e-01
50.2028 3.25693 2.7294163354e+00 -4.4411212066e-01
50.208 3.25794 2.7294954250e+00 -4.4413756667e-01
50.2131 3.25895 2.7295744859e+00 -4.4416300984e-01
50.2182 3.25996 2.7296535181e+00 -4.4418845020e-01
50.2234 3.26098 2.7297325217e+00 -4.4421388772e-01
50.2285 3.26199 2.7298114966e+00 -4.4423932242e-01
50.2336 3.26301 2.7298904429e+00 -4.4426475428e-01
50.2388 3.26403 2.7299693606e+00 -4.4429018332e-01
50.2439 3.26505 2.7300482498e+00 -4.4431560953e-01
50.249 3.26607 2.7301271104e+00 -4.4434103290e-01
50.2542 3.26709 2.7302059425e+00 -4.4436645345e-01
50.2593 3.26811 2.7302847460e+00 -4.4439187116e-01
50.2644 3.26914 2.7303635211e+00 -4.4441728604e-01
50.2696 3.27016 2.7304422677e+00 -4.4444269809e-01
50.2747 3.27119 2.7305209859e+00 -4.4446810730e-01
50.2798 3.27222 2.7305996756e+00 -4.4449351367e-01
50.285 3.27325 2.7306783369e+00 -4.4451891721e-01
50.2901 3.27428 2.7307569698e+00 -4.4454431792e-01
50.2953 3.27531 2.7308355743e+00 -4.4456971578e-01
50.3004 3.27635 2.7309141505e+00 -4.4459511081e-01
50.3055 3.27738 2.7309926983e+00 -4.4462050300e-01
50.3107 3.27842 2.7310712178e+00 -4.4464589235e-01
50.3158 3.27945 2.7311497091e+00 -4.4467127886e-01
50.3209 3.28049 2.7312281720e+00 -4.4469666252e-01
50.3261 3.28153 2.7313066067e+00 -4.4472204335e-01
50.3312 3.28257 2.7313850131e+00 -4.4474742133e-01
50.3363 3.28361 2.7314633914e+00 -4.4477279646e-01
50.3415 3.28466 2.7315417414e+00 -4.4479816876e-01
50.3466 3.2857 2.7316200632e+00 -4.4482353820e-01
50.3517 3.28675 2.7316983569e+00 -4.4484890480e-01
50.3569 3.28779 2.7317766224e+00 -4.4487426856e-01
50.362 3.28884 2.7318548599e+00 -4.4489962946e-01
50.3671 3.28989 2.7319330692e+00 -4.4492498752e-01
50.3723 3.29094 2.7320112504e+00 -4.4495034272e-01
50.3774 3.29199 2.7320894035e+00 -4.4497569508e-01
50.3825 3.29304 2.7321675287e+00 -4.4500104458e-01
50.3877 3.2941 2.7322456257e+00 -4.4502639123e-01
50.3928 3.29515 2.7323236948e+00 -4.4505173502e-01
50.3979 3.29621 2.7324017359e+00 -4.4507707596e-01
50.4031 3.29727 2.7324797490e+00 -4.4510241405e-01
50.4082 3.29833 2.7325577342e+00 -4.4512774927e-01
50.4134 3.29939 2.7326356914e+00 -4.4515308164e-01
50.4185 3.30045 2.7327136207e+00 -4.4517841116e-01
50.4236 3.30151 2.7327915222e+00 -4.4520373781e-01
50.4288 3.30257 2.7328693957e+00 -4.4522906160e-01
50.4339 3.30364 2.7329472414e+00 -4.4525438253e-01
50.439 3.3047 2.7330250593e+00 -4.4527970059e-01
50.4442 3.30577 2.7331028493e+00 -4.4530501579e-01
50.4493 3.30683 2.7331806115e+00 -4.4533032813e-01
50.4544 3.30789 2.7332583460e+00 -4.4535563760e-01
50.4596 3.30894 2.7333360527e+00 -4.4538094420e-01
50.4647 3.30999 2.7334137317e+00 -4.4540624794e-01
50.4698 3.31103 2.7334913829e+00 -4.4543154880e-01
50.475 3.31206 2.7335690064e+00 -4.4545684680e-01
50.4801 3.31308 2.7336466023e+00 -4.4548214192e-01
50.4852 3.3141 2.7337241704e+00 -4.4550743417e-01
50.4904 3.31511 2.7338017110e+00 -4.4553272355e-01
50.4955 3.31612 2.7338792239e+00 -4.4555801005e-01
50.5006 3.31712 2.7339567092e+00 -4.4558329367e-01
50.5058 3.31811 2.7340341669e+00 -4.4560857441e-01
50.5109 3.3191 2.7341115970e+00 -4.4563385228e-01
50.516 3.32007 2.7341889996e+00 -4.4565912727e-01
50.5212 3.32105 2.7342663746e+00 -4.4568439937e-01
50.5263 3.32201 2.7343437221e+00 -4.4570966859e-01
50.5315 3.32297 2.7344210421e+00 -4.4573493493e-01
50.5366 3.32392 2.7344983347e+00 -4.4576019838e-01
50.5417 3.32487 2.7345755998e+00 -4.4578545895e-01
50.5469 3.32581 2.7346528374e+00 -4.4581071662e-01
50.552 3.32674 2.7347300476e+00 -4.4583597141e-01
50.5571 3.32767 2.7348072304e+00 -4.4586122331e-01
50.5623 3.32859 2.7348843859e+00 -4.4588647231e-01
50.5674 3.3295 2.7349615139e+00 -4.4591171842e-01
50.5725 3.33041 2.7350386146e+00 -4.4593696163e-01
50.5777 3.33131 2.7351156880e+00 -4.4596220195e-01
50.5828 3.33221 2.7351927341e+00 -4.4598743937e-01
50.5879 3.33309 2.7352697528e+00 -4.4601267389e-01
50.5931 3.33397 2.7353467443e+00 -4.4603790551e-01
50.5982 3.33485 2.7354237086e+00 -4.4606313422e-01
50.6033 3.33572 2.7355006456e+00 -4.4608836003e-01
50.6085 3.33658 2.7355775554e+00 -4.4611358294e-01
50.6136 3.33743 2.7356544379e+00 -4.4613880293e-01
50.6187 3.33828 2.7357312933e+00 -4.4616402002e-01
50.6239 3.33912 2.7358081216e+00 -4.4618923420e-01
50.629 3.33996 2.7358849227e+00 -4.4621444546e-01
50.6341 3.34079 2.7359616966e+00 -4.4623965382e-01
50.6393 3.34161 2.7360384435e+00 -4.4626485925e-01
50.6444 3.34243 2.7361151632e+00 -4.4629006177e-01
50.6496 3.34324 2.7361918559e+00 -4.4631526137e-01
50.6547 3.34404 2.7362685215e+00 -4.4634045804e-01
50.6598 3.34484 2.7363451601e+00 -4.4636565180e-01
50.665 3.34563 2.7364217717e+00 -4.4639084263e-01
50.6701 3.34641 2.7364983563e+00 -4.4641603053e-01
50.6752 3.34719 2.7365749139e+00 -4.4644121550e-01
50.6804 3.34796 2.7366514445e+00 -4.4646639755e-01
50.6855 3.34872 2.7367279482e+00 -4.4649157666e-01
50.6906 3.34948 2.7368044250e+00 -4.4651675284e-01
50.6958 3.35023 2.7368808748e+00 -4.4654192608e-01
50.7009 3.35098 2.7369572978e+00 -4.4656709638e-01
50.706 3.35172 2.7370336939e+00 -4.4659226374e-01
50.7112 3.35245 2.7371100631e+00 -4.4661742816e-01
50.7163 3.35318 2.7371864055e+00 -4.4664258964e-01
50.7214 3.3539 2.7372627211e+00 -4.4666774817e-01
50.7266 3.35461 2.7373390099e+00 -4.4669290375e-01
50.7317 3.35532 2.7374152719e+00 -4.4671805638e-01
50.7368 3.35602 2.7374915071e+00 -4.4674320606e-01
50.742 3.35671 2.7375677156e+00 -4.4676835278e-01
50.7471 3.3574 2.7376438974e+00 -4.4679349654e-01
50.7522 3.35808 2.7377200524e+00 -4.4681863735e-01
50.7574 3.35875 2.7377961808e+00 -4.4684377519e-01
50.7625 3.35942 2.7378722825e+00 -4.4686891007e-01
50.7677 3.36008 2.7379483575e+00 -4.4689404198e-01
50.7728 3.36074 2.7380244059e+00 -4.4691917092e-01
50.7779 3.36139 2.7381004277e+00 -4.4694429689e-01
50.7831 3.36203 2.7381764228e+00 -4.4696941988e-01
50.7882 3.36267 2.7382523914e+00 -4.4699453990e-01
50.7933 3.3633 2.7383283334e+00 -4.4701965693e-01
50.7985 3.36392 2.7384042489e+00 -4.4704477099e-01
50.8036 3.36454 2.7384801378e+00 -4.4706988206e-01
50.8087 3.36515 2.7385560003e+00 -4.4709499014e-01
50.8139 3.36575 2.7386318362e+00 -4.4712009523e-01
50.819 3.36635 2.7387076456e+00 -4.4714519733e-01
50.8241 3.36694 2.7387834286e+00 -4.4717029643e-01
50.8293 3.36753 2.7388591852e+00 -4.4719539253e-01
50.8344 3.36811 2.7389349153e+00 -4.4722048563e-01
50.8395 3.36868 2.7390106190e+00 -4.4724557572e-01
50.8447 3.36925 2.7390862963e+00 -4.4727066281e-01
50.8498 3.36981 2.7391619473e+00 -4.4729574688e-01
50.8549 3.37036 2.7392375719e+00 -4.4732082794e-01
50.8601 3.37091 2.7393131702e+00 -4.4734590598e-01
50.8652 3.37145 2.7393887421e+00 -4.4737098100e-01
50.8703 3.37198 2.7394642878e+00 -4.4739605300e-01
50.8755 3.37251 2.7395398071e+00 -4.4742112197e-01
50.8806 3.37303 2.7396153002e+00 -4.4744618790e-01
50.8858 3.37355 2.7396907671e+00 -4.4747125080e-01
50.8909 3.37406 2.7397662077e+00 -4.4749631066e-01
50.896 3.37456 2.7398416221e+00 -4.4752136748e-01
50.9012 3.37506 2.7399170103e+00 -4.4754642126e-01
50.9063 3.37555 2.7399923723e+00 -4.4757147198e-01
50.9114 3.37603 2.7400677082e+00 -4.4759651965e-01
50.9166 3.37651 2.7401430180e+00 -4.4762156426e-01
50.9217 3.37698 2.7402183016e+00 -4.4764660582e-01
50.9268 3.37744 2.7402935591e+00 -4.4767164430e-01
50.932 3.3779 2.7403687905e+00 -4.4769667972e-01
50.9371 3.37836 2.7404439958e+00 -4.4772171206e-01
50.9422 3.3788 2.7405191751e+00 -4.4774674132e-01
50.9474 3.37924 2.7405943283e+00 -4.4777176750e-01
50.9525 3.37967 2.7406694555e+00 -4.4779679059e-01
50.9576 3.3801 2.7407445567e+00 -4.4782181059e-01
50.9628 3.38052 2.7408196320e+00 -4.4784682749e-01
50.9679 3.38094 2.7408946812e+00 -4.4787184129e-01
50.973 3.38134 2.7409697045e+00 -4.4789685198e-01
50.9782 3.38175 2.7410447019e+00 -4.4792185957e-01
50.9833 3.38214 2.7411196734e+00 -4.4794686403e-01
50.9884 3.38253 2.7411946189e+00 -4.4797186537e-01
50.9936 3.38291 2.7412695386e+00 -4.4799686359e-01
50.9987 3.38329 2.7413444324e+00 -4.4802185867e-01
51.0039 3.38366 2.7414193004e+00 -4.4804685061e-01
51.009 3.38403 2.7414941425e+00 -4.4807183941e-01
51.0141 3.38438 2.7415689588e+00 -4.4809682506e-01
51.0193 3.38473 2.7416437493e+00 -4.4812180755e-01
51.0244 3.38508 2.7417185141e+00 -4.4814678688e-01
51.0295 3.38542 2.7417932530e+00 -4.4817176304e-01
51.0347 3.38575 2.7418679663e+00 -4.4819673602e-01
51.0398 3.38608 2.7419426538e+00 -4.4822170582e-01
51.0449 3.3864 2.7420173156e+00 -4.4824667243e-01
51.0501 3.38671 2.7420919517e+00 -4.4827163585e-01
51.0552 3.38702 2.7421665621e+00 -4.4829659606e-01
51.0603 3.38732 2.7422411469e+00 -4.4832155306e-01
51.0655 3.38761 2.7423157060e+00 -4.4834650685e-01
51.0706 3.3879 2.7423902395e+00 -4.4837145740e-01
51.0757 3.38819 2.7424647474e+00 -4.4839640472e-01
51.0809 3.38846 2.7425392297e+00 -4.4842134880e-01
51.086 3.38873 2.7426136864e+00 -4.4844628963e-01
51.0911 3.38899 2.7426881175e+00 -4.4847122720e-01
51.0963 3.38925 2.7427625232e+00 -4.4849616150e-01
51.1014 3.3895 2.7428369032e+00 -4.4852109251e-01
51.1065 3.38975 2.7429112578e+00 -4.4854602025e-01
51.1117 3.38999 2.7429855869e+00 -4.4857094468e-01
51.1168 3.39022 2.7430598906e+00 -4.4859586580e-01
51.122 3.39044 2.7431341687e+00 -4.4862078361e-01
51.1271 3.39066 2.7432084215e+00 -4.4864569808e-01
51.1322 3.39088 2.7432826488e+00 -4.4867060921e-01
51.1374 3.39108 2.7433568507e+00 -4.4869551699e-01
51.1425 3.39128 2.7434310272e+00 -4.4872042140e-01
51.1476 3.39148 2.7435051783e+00 -4.4874532244e-01
51.1528 3.39167 2.7435793041e+00 -4.4877022008e-01
51.1579 3.39185 2.7436534046e+00 -4.4879511431e-01
51.163 3.39203 2.7437274797e+00 -4.4882000513e-01
51.1682 3.39219 2.7438015295e+00 -4.4884489251e-01
51.1733 3.39236 2.7438755540e+00 -4.4886977644e-01
51.1784 3.39252 2.7439495533e+00 -4.4889465690e-01
51.1836 3.39267 2.7440235273e+00 -4.4891953388e-01
51.1887 3.39281 2.7440974761e+00 -4.4894440735e-01
51.1938 3.39295 2.7441713996e+00 -4.4896927731e-01
51.199 3.39308 2.7442452979e+00 -4.4899414372e-01
51.2041 3.39321 2.7443191711e+00 -4.4901900658e-01
51.2092 3.39333 2.7443930191e+00 -4.4904386585e-01
51.2144 3.39344 2.7444668419e+00 -4.4906872151e-01
51.2195 3.39355 2.7445406396e+00 -4.4909357354e-01
51.2246 3.39365 2.7446144121e+00 -4.4911842192e-01
51.2298 3.39374 2.7446881596e+00 -4.4914326661e-01
51.2349 3.39383 2.7447618820e+00 -4.4916810760e-01
51.2452 3.39399 2.7449092515e+00 -4.4921777829e-01
51.7587 3.37033 2.7521527162e+00 -4.5168414464e-01
52.2721 3.28664 2.7591614705e+00 -4.5412673675e-01
52.7856 3.14835 2.7659500031e+00 -4.5654688328e-01
53.2991 2.96434 2.7725316091e+00 -4.5894512610e-01
53.8126 2.74568 2.7789184996e+00 -4.6132200968e-01
54.3261 2.50424 2.7851218984e+00 -4.6367808096e-01
54.8395 2.25196 2.7911521288e+00 -4.6601388927e-01
55.353 2.00055 2.7970186903e+00 -4.6832998616e-01
55.8665 1.76134 2.8027303280e+00 -4.7062692516e-01
56.38 1.5454 2.8082950937e+00 -4.7290526161e-01
56.8935 1.36354 2.8137204014e+00 -4.7516555233e-01
57.4069 1.22638 2.8190130767e+00 -4.7740835530e-01
57.9204 1.1444 2.8241794014e+00 -4.7963422930e-01
58.4339 1.12796 2.8292251529e+00 -4.8184373354e-01
58.9474 1.1486 2.8341556406e+00 -4.8403742719e-01
59.4608 1.1679 2.8389757379e+00 -4.8621586891e-01
59.9743 1.18605 2.8436899113e+00 -4.8837961635e-01
60.4878 1.2032 2.8483022467e+00 -4.9052922562e-01
61.0013 1.21949 2.8528164728e+00 -4.9266525065e-01
61.5148 1.23505 2.8572359825e+00 -4.9478824261e-01
62.0282 1.24996 2.8615638522e+00 -4.9689874926e-01
62.5417 1.26431 2.8658028589e+00 -4.9899731425e-01
63.0552 1.27817 2.8699554961e+00 -5.0108447637e-01
63.5687 1.2916 2.8740239876e+00 -5.0316076884e-01
64.0822 1.30464 2.8780103003e+00 -5.0522671848e-01
64.5956 1.31736 2.8819161558e+00 -5.0728284490e-01
65.1091 1.32978 2.8857430404e+00 -5.0932965964e-01
65.6226 1.34195 2.8894922145e+00 -5.1136766531e-01
66.1361 1.3539 2.8931647211e+00 -5.1339735461e-01
66.6496 1.36566 2.8967613928e+00 -5.1541920946e-01
67.163 1.37726 2.9002828589e+00 -5.1743369995e-01
67.6765 1.38873 2.9037295510e+00 -5.1944128338e-01
68.19 1.40019 2.9070345545e+00 -5.2145951699e-01
68.7035 1.41198 2.9102279677e+00 -5.2348097896e-01
69.2169 1.42411 2.9133729137e+00 -5.2549014338e-01
69.7304 1.43655 2.9164727113e+00 -5.2748677765e-01
70.2439 1.44931 2.9195304476e+00 -5.2947066669e-01
70.7574 1.46238 2.9225489876e+00 -5.3144161208e-01
71.2709 1.47573 2.9255309842e+00 -5.3339943119e-01
71.7843 1.48937 2.9284788879e+00 -5.3534395633e-01
72.2978 1.50328 2.9313949559e+00 -5.3727503394e-01
72.8113 1.51746 2.9342812615e+00 -5.3919252382e-01
73.3248 1.53189 2.9371397020e+00 -5.4109629836e-01
73.8383 1.54656 2.9399720082e+00 -5.4298624184e-01
74.3517 1.56147 2.9427797516e+00 -5.4486224967e-01
74.8652 1.5766 2.9455643531e+00 -5.4672422778e-01
75.3787 1.59195 2.9483270903e+00 -5.4857209191e-01
75.8922 1.60751 2.9510691048e+00 -5.5040576704e-01
76.4056 1.62327 2.9537914095e+00 -5.5222518676e-01
76.9191 1.63921 2.9564948952e+00 -5.5403029269e-01
77.4326 1.65534 2.9591803375e+00 -5.5582103400e-01
77.9461 1.67165 2.9618484027e+00 -5.5759736682e-01
78.4596 1.68811 2.9644996542e+00 -5.5935925380e-01
78.973 1.70474 2.9671345579e+00 -5.6110666360e-01
79.4865 1.72151 2.9697534878e+00 -5.6283957053e-01
80 1.73842 2.9723567312e+00 -5.6455795407e-01
80.5135 1.75547 2.9749399893e+00 -5.6625684219e-01
81.027 1.77264 2.9774985447e+00 -5.6793097560e-01
81.5404 1.78992 2.9800325009e+00 -5.6958042654e-01
82.0539 1.80731 2.9825419624e+00 -5.7120526847e-01
82.5674 1.8248 2.9850270339e+00 -5.7280557486e-01
83.0809 1.84238 2.9874878200e+00 -5.7438141918e-01
83.5944 1.86005 2.9899244252e+00 -5.7593287490e-01
84.1078 1.87779 2.9923369542e+00 -5.7746001549e-01
84.6213 1.8956 2.9947255115e+00 -5.7896291442e-01
85.1348 1.91348 2.9970902018e+00 -5.8044164515e-01
85.6483 1.93141 2.9994311297e+00 -5.8189628115e-01
86.1617 1.94938 3.0017483998e+00 -5.8332689590e-01
86.6752 1.9674 3.0040421165e+00 -5.8473356286e-01
87.1887 1.98545 3.0063123847e+00 -5.8611635550e-01
87.7022 2.00353 3.0085593088e+00 -5.8747534729e-01
88.2157 2.02163 3.0107829935e+00 -5.8881061170e-01
88.7291 2.03975 3.0129835433e+00 -5.9012222220e-01
89.2426 2.05787 3.0151610629e+00 -5.9141025225e-01
89.7561 2.076 3.0173156568e+00 -5.9267477533e-01
90.2696 2.09412 3.0194474297e+00 -5.9391586491e-01
90.7831 2.11223 3.0215564862e+00 -5.9513359444e-01
91.2965 2.13032 3.0236429308e+00 -5.9632803741e-01
91.81 2.14839 3.0257068682e+00 -5.9749926728e-01
92.3235 2.16644 3.0277484029e+00 -5.9864735752e-01
92.837 2.18446 3.0297676396e+00 -5.9977238159e-01
93.3504 2.20243 3.0317646829e+00 -6.0087441297e-01
93.8639 2.22037 3.0337396373e+00 -6.0195352513e-01
94.3774 2.23826 3.0356926074e+00 -6.0300979154e-01
94.8909 2.2561 3.0376236980e+00 -6.0404328565e-01
95.4044 2.27388 3.0395330134e+00 -6.0505408095e-01
95.9178 2.2916 3.0414206585e+00 -6.0604225091e-01
96.4313 2.30926 3.0432867377e+00 -6.0700786898e-01
96.9448 2.32685 3.0451313556e+00 -6.0795100864e-01
97.4583 2.34437 3.0469546169e+00 -6.0887174335e-01
97.9718 2.3618 3.0487566261e+00 -6.0977014660e-01
98.4852 2.37916 3.0505374880e+00 -6.1064629184e-01
98.9987 2.39643 3.0522973069e+00 -6.1150025254e-01
99.5122 2.41362 3.0540361876e+00 -6.1233210218e-01
100.026 2.43071 3.0557542347e+00 -6.1314191422e-01
100.539 2.44772 3.0574515527e+00 -6.1392976213e-01
101.053 2.46465 3.0591282463e+00 -6.1469571938e-01
101.566 2.4815 3.0607844200e+00 -6.1543985944e-01
102.08 2.49825 3.0624201785e+00 -6.1616225578e-01
102.593 2.51489 3.0640356263e+00 -6.1686298186e-01
103.107 2.53141 3.0656308681e+00 -6.1754211116e-01
103.62 2.54781 3.0672060085e+00 -6.1819971714e-01
104.134 2.56408 3.0687611519e+00 -6.1883587327e-01
104.647 2.5802 3.0702964032e+00 -6.1945065303e-01
105.16 2.59617 3.0718118668e+00 -6.2004412987e-01
105.674 2.61197 3.0733076473e+00 -6.2061637728e-01
106.187 2.62762 3.0747838494e+00 -6.2116746871e-01
106.701 2.64308 3.0762405777e+00 -6.2169747764e-01
107.214 2.65836 3.0776779367e+00 -6.2220647754e-01
107.728 2.67345 3.0790960310e+00 -6.2269454187e-01
108.241 2.68834 3.0804949653e+00 -6.2316174411e-01
108.755 2.70303 3.0818748441e+00 -6.2360815771e-01
109.268 2.71751 3.0832357721e+00 -6.2403385616e-01
109.782 2.73178 3.0845778539e+00 -6.2443891292e-01
110.295 2.74582 3.0859011940e+00 -6.2482340145e-01
110.809 2.75963 3.0872058970e+00 -6.2518739524e-01
111.322 2.77321 3.0884920676e+00 -6.2553096774e-01
111.836 2.78656 3.0897598103e+00 -6.2585419243e-01
112.349 2.79967 3.0910092298e+00 -6.2615714277e-01
112.863 2.81252 3.0922404307e+00 -6.2643989223e-01
113.376 2.82513 3.0934535175e+00 -6.2670251429e-01
113.89 2.83749 3.0946485948e+00 -6.2694508240e-01
114.403 2.84959 3.0958257673e+00 -6.2716767005e-01
114.917 2.86144 3.0969851395e+00 -6.2737035069e-01
115.43 2.87302 3.0981268161e+00 -6.2755319781e-01
115.944 2.88433 3.0992509016e+00 -6.2771628485e-01
116.457 2.89538 3.1003575006e+00 -6.2785968531e-01
116.97 2.90616 3.1014467178e+00 -6.2798347263e-01
117.484 2.91668 3.1025186578e+00 -6.2808772030e-01
117.997 2.92692 3.1035734251e+00 -6.2817250178e-01
118.511 2.93689 3.1046111243e+00 -6.2823789055e-01
119.024 2.94659 3.1056318601e+00 -6.2828396006e-01
119.538 2.95602 3.1066357371e+00 -6.2831078378e-01
120.051 2.96517 3.1076228597e+00 -6.2831852430e-01
120.565 2.97405 3.1085933328e+00 -6.2831775451e-01
121.078 2.98266 3.1095472607e+00 -6.2831570281e-01
121.592 2.991 3.1104847482e+00 -6.2831237073e-01
122.105 2.99907 3.1114058999e+00 -6.2830775973e-01
122.619 3.00687 3.1123108203e+00 -6.2830187134e-01
123.132 3.01441 3.1131996140e+00 -6.2829470704e-01
123.646 3.02168 3.1140723857e+00 -6.2828626834e-01
124.159 3.02868 3.1149292399e+00 -6.2827655672e-01
124.673 3.03543 3.1157702813e+00 -6.2826557370e-01
125.186 3.04191 3.1165956144e+00 -6.2825332076e-01
125.7 3.04814 3.1174053439e+00 -6.2823979940e-01
126.213 3.05412 3.1181995743e+00 -6.2822501113e-01
126.727 3.05985 3.1189784102e+00 -6.2820895744e-01
127.24 3.06533 3.1197419563e+00 -6.2819163982e-01
127.754 3.07058 3.1204903171e+00 -6.2817305979e-01
128.267 3.07558 3.1212235972e+00 -6.2815321882e-01
128.78 3.08035 3.1219419013e+00 -6.2813211843e-01
129.294 3.08489 3.1226453340e+00 -6.2810976011e-01
129.807 3.0892 3.1233339997e+00 -6.2808614535e-01
130.321 3.0933 3.1240080033e+00 -6.2806127566e-01
130.834 3.09717 3.1246674491e+00 -6.2803515254e-01
131.348 3.10084 3.1253124419e+00 -6.2800777747e-01
131.861 3.1043 3.1259430862e+00 -6.2797915197e-01
132.375 3.10756 3.1265594867e+00 -6.2794927752e-01
132.888 3.11063 3.1271617479e+00 -6.2791815562e-01
133.402 3.1135 3.1277499745e+00 -6.2788578778e-01
133.915 3.1162 3.1283242710e+00 -6.2785217549e-01
134.429 3.11871 3.1288847420e+00 -6.2781732025e-01
134.942 3.12105 3.1294314922e+00 -6.2778122356e-01
135.456 3.12323 3.1299646261e+00 -6.2774388691e-01
135.969 3.12524 3.1304842483e+00 -6.2770531180e-01
136.483 3.1271 3.1309904635e+00 -6.2766549973e-01
136.996 3.12882 3.1314833762e+00 -6.2762445220e-01
137.51 3.13039 3.1319630910e+00 -6.2758217071e-01
138.023 3.13182 3.1324297126e+00 -6.2753865675e-01
138.537 3.13313 3.1328833455e+00 -6.2749391182e-01
139.05 3.13431 3.1333240944e+00 -6.2744793742e-01
139.564 3.13538 3.1337520638e+00 -6.2740073505e-01
140.077 3.13634 3.1341673583e+00 -6.2735230621e-01
140.591 3.13719 3.1345700825e+00 -6.2730265239e-01
141.104 3.13794 3.1349603411e+00 -6.2725177508e-01
141.617 3.13861 3.1353382387e+00 -6.2719967580e-01
142.131 3.13918 3.1357038797e+00 -6.2714635604e-01
142.644 3.13968 3.1360573689e+00 -6.2709181729e-01
143.158 3.14011 3.1363988108e+00 -6.2703606105e-01
143.671 3.14047 3.1367283101e+00 -6.2697908883e-01
144.185 3.14077 3.1370459713e+00 -6.2692090211e-01
144.698 3.14101 3.1373518990e+00 -6.2686150240e-01
145.212 3.1412 3.1376461979e+00 -6.2680089119e-01
145.725 3.14135 3.1379289725e+00 -6.2673906999e-01
146.239 3.14145 3.1382003274e+00 -6.2667604029e-01
146.752 3.14153 3.1384603673e+00 -6.2661180358e-01
147.266 3.14157 3.1387091967e+00 -6.2654636137e-01
147.779 3.14159 3.1389469202e+00 -6.2647971515e-01
148.293 3.14159 3.1391736424e+00 -6.2641186643e-01
148.806 3.14159 3.1393894680e+00 -6.2634281670e-01
149.32 3.14159 3.1395945015e+00 -6.2627256745e-01
149.833 3.14159 3.1397888476e+00 -6.2620112019e-01
150.347 3.14159 3.1399726108e+00 -6.2612847641e-01
150.86 3.14159 3.1401458957e+00 -6.2605463761e-01
151.374 3.14159 3.1403088069e+00 -6.2597960529e-01
151.887 3.14159 3.1404614491e+00 -6.2590338095e-01
152.401 3.14159 3.1406039267e+00 -6.2582596609e-01
152.914 3.14159 3.1407363446e+00 -6.2574736219e-01
153.427 3.14159 3.1408588071e+00 -6.2566757077e-01
153.941 3.14159 3.1409714190e+00 -6.2558659332e-01
154.454 3.14159 3.1410742848e+00 -6.2550443133e-01
154.968 3.14159 3.1411675091e+00 -6.2542108631e-01
155.481 3.14159 3.1412511966e+00 -6.2533655975e-01
155.995 3.14159 3.1413254518e+00 -6.2525085315e-01
156.508 3.14159 3.1413903793e+00 -6.2516396800e-01
157.022 3.14159 3.1414460838e+00 -6.2507590582e-01
157.535 3.14159 3.1414926697e+00 -6.2498666808e-01
158.049 3.14159 3.1415302418e+00 -6.2489625630e-01
158.562 3.14159 3.1415589047e+00 -6.2480467197e-01
159.076 3.14159 3.1415787628e+00 -6.2471191659e-01
159.589 3.14159 3.1415899209e+00 -6.2461799165e-01
159.99 3.14159 3.1415926519e+00 -6.2454391925e-01
159.995 3.14159 3.1415926532e+00 -6.2454296500e-01
160 3.14159 3.1415926536e+00 -6.2454201062e-01
999.99 3.14159 3.1415926536e+00 -2.5670610082e-10
1000 3.14159 3.1415926536e+00 0.0000000000e+00
