1001
4.0000000000e+00 0.0000000000e+00
4.0051347882e+00 1.2609714354e-06
4.0102695764e+00 4.2249295731e-06
4.0154043646e+00 8.1771940673e-06
4.0205391528e+00 1.2910599828e-05
4.0256739409e+00 1.8310692826e-05
4.0308087291e+00 2.4301786974e-05
4.0359435173e+00 3.0828937186e-05
4.0410783055e+00 3.7849862029e-05
4.0462130937e+00 4.5330693377e-05
4.0513478819e+00 5.3243493355e-05
4.0564826701e+00 6.1564691962e-05
4.0616174583e+00 7.0274047619e-05
4.0667522465e+00 7.9353924873e-05
4.0718870347e+00 8.8788774603e-05
4.0770218228e+00 9.8564749050e-05
4.0821566110e+00 1.0866940973e-04
4.0872913992e+00 1.1909150127e-04
4.0924261874e+00 1.2982077310e-04
4.0975609756e+00 1.4084783682e-04
4.1026957638e+00 1.5216405041e-04
4.1078305520e+00 1.6376142323e-04
4.1129653402e+00 1.7563253718e-04
4.1181001284e+00 1.8777048066e-04
4.1232349166e+00 2.0016879273e-04
4.1283697047e+00 2.1282141563e-04
4.1335044929e+00 2.2572265399e-04
4.1386392811e+00 2.3886713966e-04
4.1437740693e+00 2.5224980115e-04
4.1489088575e+00 2.6586583691e-04
4.1540436457e+00 2.7971069197e-04
4.1591784339e+00 2.9378003725e-04
4.1643132221e+00 3.0806975122e-04
4.1694480103e+00 3.2257590372e-04
4.1745827985e+00 3.3729474132e-04
4.1797175866e+00 3.5222267439e-04
4.1848523748e+00 3.6735626532e-04
4.1899871630e+00 3.8269221803e-04
4.1951219512e+00 3.9822736835e-04
4.2002567394e+00 4.1395867539e-04
4.2053915276e+00 4.2988321363e-04
4.2105263158e+00 4.4599816576e-04
4.2156611040e+00 4.6230081610e-04
4.2207958922e+00 4.7878854455e-04
4.2259306804e+00 4.9545882109e-04
4.2310654685e+00 5.1230920067e-04
4.2362002567e+00 5.2933731853e-04
4.2413350449e+00 5.4654088587e-04
4.2464698331e+00 5.6391768584e-04
4.2516046213e+00 5.8146556980e-04
4.2567394095e+00 5.9918245391e-04
4.2618741977e+00 6.1706631588e-04
4.2670089859e+00 6.3511519202e-04
4.2721437741e+00 6.5332717442e-04
4.2772785623e+00 6.7170040836e-04
4.2824133504e+00 6.9023308990e-04
4.2875481386e+00 7.0892346355e-04
4.2926829268e+00 7.2776982017e-04
4.2978177150e+00 7.4677049498e-04
4.3029525032e+00 7.6592386561e-04
4.3080872914e+00 7.8522835040e-04
4.3132220796e+00 8.0468240669e-04
4.3183568678e+00 8.2428452924e-04
4.3234916560e+00 8.4403324877e-04
4.3286264442e+00 8.6392713055e-04
4.3337612323e+00 8.8396477304e-04
4.3388960205e+00 9.0414480670e-04
4.3440308087e+00 9.2446589272e-04
4.3491655969e+00 9.4492672197e-04
4.3543003851e+00 9.6552601387e-04
4.3594351733e+00 9.8626251540e-04
4.3645699615e+00 1.0071350002e-03
4.3697047497e+00 1.0281422674e-03
4.3748395379e+00 1.0492831411e-03
4.3799743261e+00 1.0705564694e-03
4.3851091142e+00 1.0919611234e-03
4.3902439024e+00 1.1134959968e-03
4.3953786906e+00 1.1351600048e-03
4.4005134788e+00 1.1569520839e-03
4.4056482670e+00 1.1788711906e-03
4.4107830552e+00 1.2009163014e-03
4.4159178434e+00 1.2230864118e-03
4.4210526316e+00 1.2453805358e-03
4.4261874198e+00 1.2677977055e-03
4.4313222080e+00 1.2903369704e-03
4.4364569961e+00 1.3129973969e-03
4.4415917843e+00 1.3357780681e-03
4.4467265725e+00 1.3586780827e-03
4.4518613607e+00 1.3816965554e-03
4.4569961489e+00 1.4048326157e-03
4.4621309371e+00 1.4280854079e-03
4.4672657253e+00 1.4514540906e-03
4.4724005135e+00 1.4749378364e-03
4.4775353017e+00 1.4985358315e-03
4.4826700899e+00 1.5222472751e-03
4.4878048780e+00 1.5460713794e-03
4.4929396662e+00 1.5700073691e-03
4.4980744544e+00 1.5940544811e-03
4.5032092426e+00 1.6182119643e-03
4.5083440308e+00 1.6424790792e-03
4.5134788190e+00 1.6668550975e-03
4.5186136072e+00 1.6913393020e-03
4.5237483954e+00 1.7159309864e-03
4.5288831836e+00 1.7406294549e-03
4.5340179718e+00 1.7654340218e-03
4.5391527599e+00 1.7903440117e-03
4.5442875481e+00 1.8153587588e-03
4.5494223363e+00 1.8404776070e-03
4.5545571245e+00 1.8656999097e-03
4.5596919127e+00 1.8910250291e-03
4.5648267009e+00 1.9164523367e-03
4.5699614891e+00 1.9419812126e-03
4.5750962773e+00 1.9676110455e-03
4.5802310655e+00 1.9933412324e-03
4.5853658537e+00 2.0191711786e-03
4.5905006418e+00 2.0451002975e-03
4.5956354300e+00 2.0711280101e-03
4.6007702182e+00 2.0972537454e-03
4.6059050064e+00 2.1234769398e-03
4.6110397946e+00 2.1497970369e-03
4.6161745828e+00 2.1762134878e-03
4.6213093710e+00 2.2027257507e-03
4.6264441592e+00 2.2293332904e-03
4.6315789474e+00 2.2560355789e-03
4.6367137356e+00 2.2828320947e-03
4.6418485237e+00 2.3097223228e-03
4.6469833119e+00 2.3367057546e-03
4.6521181001e+00 2.3637818879e-03
4.6572528883e+00 2.3909502267e-03
4.6623876765e+00 2.4182102809e-03
4.6675224647e+00 2.4455615664e-03
4.6726572529e+00 2.4730036050e-03
4.6777920411e+00 2.5005359241e-03
4.6829268293e+00 2.5281580569e-03
4.6880616175e+00 2.5558695419e-03
4.6931964056e+00 2.5836699232e-03
4.6983311938e+00 2.6115587501e-03
4.7034659820e+00 2.6395355772e-03
4.7086007702e+00 2.6675999641e-03
4.7137355584e+00 2.6957514757e-03
4.7188703466e+00 2.7239896815e-03
4.7240051348e+00 2.7523141563e-03
4.7291399230e+00 2.7807244792e-03
4.7342747112e+00 2.8092202344e-03
4.7394094994e+00 2.8378010106e-03
4.7445442875e+00 2.8664664010e-03
4.7496790757e+00 2.8952160033e-03
4.7548138639e+00 2.9240494196e-03
4.7599486521e+00 2.9529662562e-03
4.7650834403e+00 2.9819661240e-03
4.7702182285e+00 3.0110486377e-03
4.7753530167e+00 3.0402134163e-03
4.7804878049e+00 3.0694600828e-03
4.7856225931e+00 3.0987882644e-03
4.7907573813e+00 3.1281975918e-03
4.7958921694e+00 3.1576877000e-03
4.8010269576e+00 3.1872582275e-03
4.8061617458e+00 3.2169088166e-03
4.8112965340e+00 3.2466391135e-03
4.8164313222e+00 3.2764487677e-03
4.8215661104e+00 3.3063374326e-03
4.8267008986e+00 3.3363047648e-03
4.8318356868e+00 3.3663504247e-03
4.8369704750e+00 3.3964740758e-03
4.8421052632e+00 3.4266753852e-03
4.8472400513e+00 3.4569540231e-03
4.8523748395e+00 3.4873096632e-03
4.8575096277e+00 3.5177419823e-03
4.8626444159e+00 3.5482506604e-03
4.8677792041e+00 3.5788353805e-03
4.8729139923e+00 3.6094958289e-03
4.8780487805e+00 3.6402316948e-03
4.8831835687e+00 3.6710426703e-03
4.8883183569e+00 3.7019284508e-03
4.8934531451e+00 3.7328887342e-03
4.8985879332e+00 3.7639232216e-03
4.9037227214e+00 3.7950316166e-03
4.9088575096e+00 3.8262136259e-03
4.9139922978e+00 3.8574689589e-03
4.9191270860e+00 3.8887973275e-03
4.9242618742e+00 3.9201984465e-03
4.9293966624e+00 3.9516720333e-03
4.9345314506e+00 3.9832178078e-03
4.9396662388e+00 4.0148354926e-03
4.9448010270e+00 4.0465248128e-03
4.9499358151e+00 4.0782854960e-03
4.9550706033e+00 4.1101172723e-03
4.9602053915e+00 4.1420198741e-03
4.9653401797e+00 4.1739930364e-03
4.9704749679e+00 4.2060364965e-03
4.9756097561e+00 4.2381499941e-03
4.9807445443e+00 4.2703332710e-03
4.9858793325e+00 4.3025860716e-03
4.9910141207e+00 4.3349081423e-03
4.9961489089e+00 4.3672992319e-03
5.0012836970e+00 4.3997590914e-03
5.0064184852e+00 4.4322874738e-03
5.0115532734e+00 4.4648841344e-03
5.0166880616e+00 4.4975488306e-03
5.0218228498e+00 4.5302813219e-03
5.0320924262e+00 4.5959487380e-03
5.5455712452e+00 8.1893113845e-03
6.0590500642e+00 1.2297889021e-02
6.5725288832e+00 1.6836572418e-02
7.0860077022e+00 2.1759686341e-02
7.5994865212e+00 2.7042954657e-02
8.1129653402e+00 3.2675197245e-02
8.6264441592e+00 3.8654018283e-02
9.1399229782e+00 4.4983402019e-02
9.6534017972e+00 5.1672320278e-02
1.0166880616e+01 5.8733921469e-02
1.0680359435e+01 6.6185077670e-02
1.1193838254e+01 7.4046167243e-02
1.1707317073e+01 8.2341023313e-02
1.2220795892e+01 9.1097007941e-02
1.2734274711e+01 1.0034518921e-01
1.3247753530e+01 1.1012060931e-01
1.3761232349e+01 1.2046263877e-01
1.4274711168e+01 1.3141541738e-01
1.4788189987e+01 1.4302838563e-01
1.5301668806e+01 1.5535691433e-01
1.5815147625e+01 1.6846304206e-01
1.6328626444e+01 1.8241633291e-01
1.6842105263e+01 1.9729486869e-01
1.7355584082e+01 2.1318639133e-01
1.7869062901e+01 2.3018961179e-01
1.8382541720e+01 2.4841570111e-01
1.8896020539e+01 2.6798997611e-01
1.9409499358e+01 2.8905378534e-01
1.9922978177e+01 3.1176658840e-01
2.0436456996e+01 3.3630819936e-01
2.0949935815e+01 3.6288112940e-01
2.1463414634e+01 3.9171290625e-01
2.1976893453e+01 4.2305816114e-01
2.2490372272e+01 4.5720014301e-01
2.3003851091e+01 4.9445113234e-01
2.3517329910e+01 5.3515096631e-01
2.4030808729e+01 5.7966254734e-01
2.4544287548e+01 6.2836279993e-01
2.5057766367e+01 6.8162712818e-01
2.5571245186e+01 7.3980515463e-01
2.6084724005e+01 8.0318567659e-01
2.6598202824e+01 8.7194980626e-01
2.7111681643e+01 9.4611371227e-01
2.7625160462e+01 1.0254666196e+00
2.8138639281e+01 1.1095153676e+00
2.8652118100e+01 1.1974520442e+00
2.9165596919e+01 1.2881625877e+00
2.9679075738e+01 1.3802881525e+00
3.0192554557e+01 1.4723367462e+00
3.0706033376e+01 1.5628249957e+00
3.1219512195e+01 1.6504179114e+00
3.1732991014e+01 1.7340353417e+00
3.2246469833e+01 1.8129069402e+00
3.2759948652e+01 1.8865751518e+00
3.3273427471e+01 1.9548591840e+00
3.3786906290e+01 2.0177980220e+00
3.4300385109e+01 2.0755885170e+00
3.4813863928e+01 2.1285291553e+00
3.5327342747e+01 2.1769745776e+00
3.5840821566e+01 2.2213018878e+00
3.6354300385e+01 2.2618875354e+00
3.6867779204e+01 2.2990926530e+00
3.7381258023e+01 2.3332546479e+00
3.7894736842e+01 2.3646831440e+00
3.8408215661e+01 2.3936587921e+00
3.8921694480e+01 2.4204338626e+00
3.9435173299e+01 2.4452338716e+00
3.9948652118e+01 2.4682597391e+00
4.0462130937e+01 2.4896901655e+00
4.0975609756e+01 2.5096840371e+00
4.1489088575e+01 2.5283827745e+00
4.2002567394e+01 2.5459126250e+00
4.2516046213e+01 2.5623870861e+00
4.3029525032e+01 2.5779106015e+00
4.3543003851e+01 2.5925882113e+00
4.4056482670e+01 2.6064687327e+00
4.4569961489e+01 2.6196134538e+00
4.5083440308e+01 2.6320845276e+00
4.5596919127e+01 2.6439376836e+00
4.6110397946e+01 2.6552229850e+00
4.6623876765e+01 2.6659854899e+00
4.7137355584e+01 2.6762658261e+00
4.7650834403e+01 2.6861006943e+00
4.8164313222e+01 2.6955233062e+00
4.8677792041e+01 2.7045637687e+00
4.8682926829e+01 2.7046523381e+00
4.8688061617e+01 2.7047408721e+00
4.8693196406e+01 2.7048293707e+00
4.8698331194e+01 2.7049178339e+00
4.8703465982e+01 2.7050062617e+00
4.8708600770e+01 2.7050946542e+00
4.8713735558e+01 2.7051830114e+00
4.8718870347e+01 2.7052713334e+00
4.8724005135e+01 2.7053596201e+00
4.8729139923e+01 2.7054478715e+00
4.8734274711e+01 2.7055360878e+00
4.8739409499e+01 2.7056242688e+00
4.8744544288e+01 2.7057124148e+00
4.8749679076e+01 2.7058005256e+00
4.8754813864e+01 2.7058886013e+00
4.8759948652e+01 2.7059766419e+00
4.8765083440e+01 2.7060646475e+00
4.8770218228e+01 2.7061526180e+00
4.8775353017e+01 2.7062405536e+00
4.8780487805e+01 2.7063284542e+00
4.8785622593e+01 2.7064163198e+00
4.8790757381e+01 2.7065041506e+00
4.8795892169e+01 2.7065919464e+00
4.8801026958e+01 2.7066797074e+00
4.8806161746e+01 2.7067674335e+00
4.8811296534e+01 2.7068551248e+00
4.8816431322e+01 2.7069427813e+00
4.8821566110e+01 2.7070304031e+00
4.8826700899e+01 2.7071179901e+00
4.8831835687e+01 2.7072055423e+00
4.8836970475e+01 2.7072930599e+00
4.8842105263e+01 2.7073805429e+00
4.8847240051e+01 2.7074679912e+00
4.8852374840e+01 2.7075554049e+00
4.8857509628e+01 2.7076427839e+00
4.8862644416e+01 2.7077301285e+00
4.8867779204e+01 2.7078174385e+00
4.8872913992e+01 2.7079047139e+00
4.8878048780e+01 2.7079919549e+00
4.8883183569e+01 2.7080791614e+00
4.8888318357e+01 2.7081663335e+00
4.8893453145e+01 2.7082534712e+00
4.8898587933e+01 2.7083405744e+00
4.8903722721e+01 2.7084276434e+00
4.8908857510e+01 2.7085146779e+00
4.8913992298e+01 2.7086016782e+00
4.8919127086e+01 2.7086886442e+00
4.8924261874e+01 2.7087755759e+00
4.8929396662e+01 2.7088624733e+00
4.8934531451e+01 2.7089493366e+00
4.8939666239e+01 2.7090361657e+00
4.8944801027e+01 2.7091229606e+00
4.8949935815e+01 2.7092097213e+00
4.8955070603e+01 2.7092964480e+00
4.8960205392e+01 2.7093831405e+00
4.8965340180e+01 2.7094697990e+00
4.8970474968e+01 2.7095564235e+00
4.8975609756e+01 2.7096430139e+00
4.8980744544e+01 2.7097295703e+00
4.8985879332e+01 2.7098160928e+00
4.8991014121e+01 2.7099025813e+00
4.8996148909e+01 2.7099890360e+00
4.9001283697e+01 2.7100754567e+00
4.9006418485e+01 2.7101618435e+00
4.9011553273e+01 2.7102481965e+00
4.9016688062e+01 2.7103345157e+00
4.9021822850e+01 2.7104208011e+00
4.9026957638e+01 2.7105070528e+00
4.9032092426e+01 2.7105932706e+00
4.9037227214e+01 2.7106794548e+00
4.9042362003e+01 2.7107656052e+00
4.9047496791e+01 2.7108517220e+00
4.9052631579e+01 2.7109378052e+00
4.9057766367e+01 2.7110238547e+00
4.9062901155e+01 2.7111098706e+00
4.9068035944e+01 2.7111958529e+00
4.9073170732e+01 2.7112818017e+00
4.9078305520e+01 2.7113677170e+00
4.9083440308e+01 2.7114535987e+00
4.9088575096e+01 2.7115394470e+00
4.9093709884e+01 2.7116252618e+00
4.9098844673e+01 2.7117110432e+00
4.9103979461e+01 2.7117967912e+00
4.9109114249e+01 2.7118825058e+00
4.9114249037e+01 2.7119681870e+00
4.9119383825e+01 2.7120538349e+00
4.9124518614e+01 2.7121394495e+00
4.9129653402e+01 2.7122250309e+00
4.9134788190e+01 2.7123105789e+00
4.9139922978e+01 2.7123960937e+00
4.9145057766e+01 2.7124815753e+00
4.9150192555e+01 2.7125670237e+00
4.9155327343e+01 2.7126524390e+00
4.9160462131e+01 2.7127378210e+00
4.9165596919e+01 2.7128231700e+00
4.9170731707e+01 2.7129084859e+00
4.9175866496e+01 2.7129937687e+00
4.9181001284e+01 2.7130790185e+00
4.9186136072e+01 2.7131642352e+00
4.9191270860e+01 2.7132494190e+00
4.9196405648e+01 2.7133345697e+00
4.9201540436e+01 2.7134196875e+00
4.9206675225e+01 2.7135047724e+00
4.9211810013e+01 2.7135898244e+00
4.9216944801e+01 2.7136748435e+00
4.9222079589e+01 2.7137598297e+00
4.9227214377e+01 2.7138447831e+00
4.9232349166e+01 2.7139297037e+00
4.9237483954e+01 2.7140145915e+00
4.9242618742e+01 2.7140994465e+00
4.9247753530e+01 2.7141842688e+00
4.9252888318e+01 2.7142690584e+00
4.9258023107e+01 2.7143538153e+00
4.9263157895e+01 2.7144385395e+00
4.9268292683e+01 2.7145232311e+00
4.9273427471e+01 2.7146078900e+00
4.9278562259e+01 2.7146925163e+00
4.9283697047e+01 2.7147771101e+00
4.9288831836e+01 2.7148616713e+00
4.9293966624e+01 2.7149462000e+00
4.9299101412e+01 2.7150306962e+00
4.9304236200e+01 2.7151151599e+00
4.9309370988e+01 2.7151995911e+00
4.9314505777e+01 2.7152839899e+00
4.9319640565e+01 2.7153683563e+00
4.9324775353e+01 2.7154526903e+00
4.9329910141e+01 2.7155369919e+00
4.9335044929e+01 2.7156212612e+00
4.9340179718e+01 2.7157054981e+00
4.9345314506e+01 2.7157897028e+00
4.9350449294e+01 2.7158738752e+00
4.9355584082e+01 2.7159580153e+00
4.9360718870e+01 2.7160421232e+00
4.9365853659e+01 2.7161261989e+00
4.9370988447e+01 2.7162102424e+00
4.9376123235e+01 2.7162942537e+00
4.9381258023e+01 2.7163782329e+00
4.9386392811e+01 2.7164621800e+00
4.9391527599e+01 2.7165460950e+00
4.9396662388e+01 2.7166299780e+00
4.9401797176e+01 2.7167138289e+00
4.9406931964e+01 2.7167976477e+00
4.9412066752e+01 2.7168814346e+00
4.9417201540e+01 2.7169651895e+00
4.9422336329e+01 2.7170489124e+00
4.9427471117e+01 2.7171326034e+00
4.9432605905e+01 2.7172162625e+00
4.9437740693e+01 2.7172998897e+00
4.9442875481e+01 2.7173834850e+00
4.9448010270e+01 2.7174670485e+00
4.9453145058e+01 2.7175505802e+00
4.9458279846e+01 2.7176340801e+00
4.9463414634e+01 2.7177175482e+00
4.9468549422e+01 2.7178009846e+00
4.9473684211e+01 2.7178843892e+00
4.9478818999e+01 2.7179677621e+00
4.9483953787e+01 2.7180511033e+00
4.9489088575e+01 2.7181344129e+00
4.9494223363e+01 2.7182176909e+00
4.9499358151e+01 2.7183009372e+00
4.9504492940e+01 2.7183841519e+00
4.9509627728e+01 2.7184673351e+00
4.9514762516e+01 2.7185504867e+00
4.9519897304e+01 2.7186336068e+00
4.9525032092e+01 2.7187166953e+00
4.9530166881e+01 2.7187997524e+00
4.9535301669e+01 2.7188827781e+00
4.9540436457e+01 2.7189657723e+00
4.9545571245e+01 2.7190487350e+00
4.9550706033e+01 2.7191316664e+00
4.9555840822e+01 2.7192145665e+00
4.9560975610e+01 2.7192974351e+00
4.9566110398e+01 2.7193802725e+00
4.9571245186e+01 2.7194630785e+00
4.9576379974e+01 2.7195458533e+00
4.9581514763e+01 2.7196285968e+00
4.9586649551e+01 2.7197113090e+00
4.9591784339e+01 2.7197939901e+00
4.9596919127e+01 2.7198766399e+00
4.9602053915e+01 2.7199592586e+00
4.9607188703e+01 2.7200418461e+00
4.9612323492e+01 2.7201244025e+00
4.9617458280e+01 2.7202069278e+00
4.9622593068e+01 2.7202894220e+00
4.9627727856e+01 2.7203718852e+00
4.9632862644e+01 2.7204543173e+00
4.9637997433e+01 2.7205367184e+00
4.9643132221e+01 2.7206190885e+00
4.9648267009e+01 2.7207014276e+00
4.9653401797e+01 2.7207837358e+00
4.9658536585e+01 2.7208660130e+00
4.9663671374e+01 2.7209482593e+00
4.9668806162e+01 2.7210304748e+00
4.9673940950e+01 2.7211126594e+00
4.9679075738e+01 2.7211948131e+00
4.9684210526e+01 2.7212769360e+00
4.9689345315e+01 2.7213590281e+00
4.9694480103e+01 2.7214410894e+00
4.9699614891e+01 2.7215231200e+00
4.9704749679e+01 2.7216051199e+00
4.9709884467e+01 2.7216870890e+00
4.9715019255e+01 2.7217690274e+00
4.9720154044e+01 2.7218509352e+00
4.9725288832e+01 2.7219328123e+00
4.9730423620e+01 2.7220146588e+00
4.9735558408e+01 2.7220964747e+00
4.9740693196e+01 2.7221782600e+00
4.9745827985e+01 2.7222600147e+00
4.9750962773e+01 2.7223417389e+00
4.9756097561e+01 2.7224234326e+00
4.9761232349e+01 2.7225050957e+00
4.9766367137e+01 2.7225867284e+00
4.9771501926e+01 2.7226683307e+00
4.9776636714e+01 2.7227499025e+00
4.9781771502e+01 2.7228314439e+00
4.9786906290e+01 2.7229129549e+00
4.9792041078e+01 2.7229944355e+00
4.9797175866e+01 2.7230758858e+00
4.9802310655e+01 2.7231573057e+00
4.9807445443e+01 2.7232386954e+00
4.9812580231e+01 2.7233200547e+00
4.9817715019e+01 2.7234013838e+00
4.9822849807e+01 2.7234826827e+00
4.9827984596e+01 2.7235639513e+00
4.9833119384e+01 2.7236451897e+00
4.9838254172e+01 2.7237263980e+00
4.9843388960e+01 2.7238075761e+00
4.9848523748e+01 2.7238887240e+00
4.9853658537e+01 2.7239698419e+00
4.9858793325e+01 2.7240509296e+00
4.9863928113e+01 2.7241319873e+00
4.9869062901e+01 2.7242130149e+00
4.9874197689e+01 2.7242940125e+00
4.9879332478e+01 2.7243749800e+00
4.9884467266e+01 2.7244559176e+00
4.9889602054e+01 2.7245368252e+00
4.9894736842e+01 2.7246177029e+00
4.9899871630e+01 2.7246985506e+00
4.9905006418e+01 2.7247793684e+00
4.9910141207e+01 2.7248601563e+00
4.9915275995e+01 2.7249409144e+00
4.9920410783e+01 2.7250216426e+00
4.9925545571e+01 2.7251023410e+00
4.9930680359e+01 2.7251830096e+00
4.9935815148e+01 2.7252636485e+00
4.9940949936e+01 2.7253442575e+00
4.9946084724e+01 2.7254248368e+00
4.9951219512e+01 2.7255053864e+00
4.9956354300e+01 2.7255859063e+00
4.9961489089e+01 2.7256663965e+00
4.9966623877e+01 2.7257468571e+00
4.9971758665e+01 2.7258272880e+00
4.9976893453e+01 2.7259076893e+00
4.9982028241e+01 2.7259880610e+00
4.9987163030e+01 2.7260684032e+00
4.9992297818e+01 2.7261487157e+00
4.9997432606e+01 2.7262289988e+00
5.0002567394e+01 2.7263092523e+00
5.0007702182e+01 2.7263894763e+00
5.0012836970e+01 2.7264696709e+00
5.0017971759e+01 2.7265498360e+00
5.0023106547e+01 2.7266299717e+00
5.0028241335e+01 2.7267100780e+00
5.0033376123e+01 2.7267901548e+00
5.0038510911e+01 2.7268702023e+00
5.0043645700e+01 2.7269502205e+00
5.0048780488e+01 2.7270302093e+00
5.0053915276e+01 2.7271101688e+00
5.0059050064e+01 2.7271900990e+00
5.0064184852e+01 2.7272700000e+00
5.0069319641e+01 2.7273498717e+00
5.0074454429e+01 2.7274297142e+00
5.0079589217e+01 2.7275095274e+00
5.0084724005e+01 2.7275893115e+00
5.0089858793e+01 2.7276690664e+00
5.0094993582e+01 2.7277487922e+00
5.0100128370e+01 2.7278284888e+00
5.0105263158e+01 2.7279081563e+00
5.0110397946e+01 2.7279877948e+00
5.0115532734e+01 2.7280674041e+00
5.0120667522e+01 2.7281469844e+00
5.0125802311e+01 2.7282265357e+00
5.0130937099e+01 2.7283060580e+00
5.0136071887e+01 2.7283855513e+00
5.0141206675e+01 2.7284650157e+00
5.0146341463e+01 2.7285444510e+00
5.0151476252e+01 2.7286238575e+00
5.0156611040e+01 2.7287032350e+00
5.0161745828e+01 2.7287825837e+00
5.0166880616e+01 2.7288619035e+00
5.0172015404e+01 2.7289411944e+00
5.0177150193e+01 2.7290204566e+00
5.0182284981e+01 2.7290996899e+00
5.0187419769e+01 2.7291788944e+00
5.0192554557e+01 2.7292580702e+00
5.0197689345e+01 2.7293372172e+00
5.0202824133e+01 2.7294163354e+00
5.0207958922e+01 2.7294954250e+00
5.0213093710e+01 2.7295744859e+00
5.0218228498e+01 2.7296535181e+00
5.0223363286e+01 2.7297325217e+00
5.0228498074e+01 2.7298114966e+00
5.0233632863e+01 2.7298904429e+00
5.0238767651e+01 2.7299693606e+00
5.0243902439e+01 2.7300482498e+00
5.0249037227e+01 2.7301271104e+00
5.0254172015e+01 2.7302059425e+00
5.0259306804e+01 2.7302847460e+00
5.0264441592e+01 2.7303635211e+00
5.0269576380e+01 2.7304422677e+00
5.0274711168e+01 2.7305209859e+00
5.0279845956e+01 2.7305996756e+00
5.0284980745e+01 2.7306783369e+00
5.0290115533e+01 2.7307569698e+00
5.0295250321e+01 2.7308355743e+00
5.0300385109e+01 2.7309141505e+00
5.0305519897e+01 2.7309926983e+00
5.0310654685e+01 2.7310712178e+00
5.0315789474e+01 2.7311497091e+00
5.0320924262e+01 2.7312281720e+00
5.0326059050e+01 2.7313066067e+00
5.0331193838e+01 2.7313850131e+00
5.0336328626e+01 2.7314633914e+00
5.0341463415e+01 2.7315417414e+00
5.0346598203e+01 2.7316200632e+00
5.0351732991e+01 2.7316983569e+00
5.0356867779e+01 2.7317766224e+00
5.0362002567e+01 2.7318548599e+00
5.0367137356e+01 2.7319330692e+00
5.0372272144e+01 2.7320112504e+00
5.0377406932e+01 2.7320894035e+00
5.0382541720e+01 2.7321675287e+00
5.0387676508e+01 2.7322456257e+00
5.0392811297e+01 2.7323236948e+00
5.0397946085e+01 2.7324017359e+00
5.0403080873e+01 2.7324797490e+00
5.0408215661e+01 2.7325577342e+00
5.0413350449e+01 2.7326356914e+00
5.0418485237e+01 2.7327136207e+00
5.0423620026e+01 2.7327915222e+00
5.0428754814e+01 2.7328693957e+00
5.0433889602e+01 2.7329472414e+00
5.0439024390e+01 2.7330250593e+00
5.0444159178e+01 2.7331028493e+00
5.0449293967e+01 2.7331806115e+00
5.0454428755e+01 2.7332583460e+00
5.0459563543e+01 2.7333360527e+00
5.0464698331e+01 2.7334137317e+00
5.0469833119e+01 2.7334913829e+00
5.0474967908e+01 2.7335690064e+00
5.0480102696e+01 2.7336466023e+00
5.0485237484e+01 2.7337241704e+00
5.0490372272e+01 2.7338017110e+00
5.0495507060e+01 2.7338792239e+00
5.0500641849e+01 2.7339567092e+00
5.0505776637e+01 2.7340341669e+00
5.0510911425e+01 2.7341115970e+00
5.0516046213e+01 2.7341889996e+00
5.0521181001e+01 2.7342663746e+00
5.0526315789e+01 2.7343437221e+00
5.0531450578e+01 2.7344210421e+00
5.0536585366e+01 2.7344983347e+00
5.0541720154e+01 2.7345755998e+00
5.0546854942e+01 2.7346528374e+00
5.0551989730e+01 2.7347300476e+00
5.0557124519e+01 2.7348072304e+00
5.0562259307e+01 2.7348843859e+00
5.0567394095e+01 2.7349615139e+00
5.0572528883e+01 2.7350386146e+00
5.0577663671e+01 2.7351156880e+00
5.0582798460e+01 2.7351927341e+00
5.0587933248e+01 2.7352697528e+00
5.0593068036e+01 2.7353467443e+00
5.0598202824e+01 2.7354237086e+00
5.0603337612e+01 2.7355006456e+00
5.0608472401e+01 2.7355775554e+00
5.0613607189e+01 2.7356544379e+00
5.0618741977e+01 2.7357312933e+00
5.0623876765e+01 2.7358081216e+00
5.0629011553e+01 2.7358849227e+00
5.0634146341e+01 2.7359616966e+00
5.0639281130e+01 2.7360384435e+00
5.0644415918e+01 2.7361151632e+00
5.0649550706e+01 2.7361918559e+00
5.0654685494e+01 2.7362685215e+00
5.0659820282e+01 2.7363451601e+00
5.0664955071e+01 2.7364217717e+00
5.0670089859e+01 2.7364983563e+00
5.0675224647e+01 2.7365749139e+00
5.0680359435e+01 2.7366514445e+00
5.0685494223e+01 2.7367279482e+00
5.0690629012e+01 2.7368044250e+00
5.0695763800e+01 2.7368808748e+00
5.0700898588e+01 2.7369572978e+00
5.0706033376e+01 2.7370336939e+00
5.0711168164e+01 2.7371100631e+00
5.0716302952e+01 2.7371864055e+00
5.0721437741e+01 2.7372627211e+00
5.0726572529e+01 2.7373390099e+00
5.0731707317e+01 2.7374152719e+00
5.0736842105e+01 2.7374915071e+00
5.0741976893e+01 2.7375677156e+00
5.0747111682e+01 2.7376438974e+00
5.0752246470e+01 2.7377200524e+00
5.0757381258e+01 2.7377961808e+00
5.0762516046e+01 2.7378722825e+00
5.0767650834e+01 2.7379483575e+00
5.0772785623e+01 2.7380244059e+00
5.0777920411e+01 2.7381004277e+00
5.0783055199e+01 2.7381764228e+00
5.0788189987e+01 2.7382523914e+00
5.0793324775e+01 2.7383283334e+00
5.0798459564e+01 2.7384042489e+00
5.0803594352e+01 2.7384801378e+00
5.0808729140e+01 2.7385560003e+00
5.0813863928e+01 2.7386318362e+00
5.0818998716e+01 2.7387076456e+00
5.0824133504e+01 2.7387834286e+00
5.0829268293e+01 2.7388591852e+00
5.0834403081e+01 2.7389349153e+00
5.0839537869e+01 2.7390106190e+00
5.0844672657e+01 2.7390862963e+00
5.0849807445e+01 2.7391619473e+00
5.0854942234e+01 2.7392375719e+00
5.0860077022e+01 2.7393131702e+00
5.0865211810e+01 2.7393887421e+00
5.0870346598e+01 2.7394642878e+00
5.0875481386e+01 2.7395398071e+00
5.0880616175e+01 2.7396153002e+00
5.0885750963e+01 2.7396907671e+00
5.0890885751e+01 2.7397662077e+00
5.0896020539e+01 2.7398416221e+00
5.0901155327e+01 2.7399170103e+00
5.0906290116e+01 2.7399923723e+00
5.0911424904e+01 2.7400677082e+00
5.0916559692e+01 2.7401430180e+00
5.0921694480e+01 2.7402183016e+00
5.0926829268e+01 2.7402935591e+00
5.0931964056e+01 2.7403687905e+00
5.0937098845e+01 2.7404439958e+00
5.0942233633e+01 2.7405191751e+00
5.0947368421e+01 2.7405943283e+00
5.0952503209e+01 2.7406694555e+00
5.0957637997e+01 2.7407445567e+00
5.0962772786e+01 2.7408196320e+00
5.0967907574e+01 2.7408946812e+00
5.0973042362e+01 2.7409697045e+00
5.0978177150e+01 2.7410447019e+00
5.0983311938e+01 2.7411196734e+00
5.0988446727e+01 2.7411946189e+00
5.0993581515e+01 2.7412695386e+00
5.0998716303e+01 2.7413444324e+00
5.1003851091e+01 2.7414193004e+00
5.1008985879e+01 2.7414941425e+00
5.1014120668e+01 2.7415689588e+00
5.1019255456e+01 2.7416437493e+00
5.1024390244e+01 2.7417185141e+00
5.1029525032e+01 2.7417932530e+00
5.1034659820e+01 2.7418679663e+00
5.1039794608e+01 2.7419426538e+00
5.1044929397e+01 2.7420173156e+00
5.1050064185e+01 2.7420919517e+00
5.1055198973e+01 2.7421665621e+00
5.1060333761e+01 2.7422411469e+00
5.1065468549e+01 2.7423157060e+00
5.1070603338e+01 2.7423902395e+00
5.1075738126e+01 2.7424647474e+00
5.1080872914e+01 2.7425392297e+00
5.1086007702e+01 2.7426136864e+00
5.1091142490e+01 2.7426881175e+00
5.1096277279e+01 2.7427625232e+00
5.1101412067e+01 2.7428369032e+00
5.1106546855e+01 2.7429112578e+00
5.1111681643e+01 2.7429855869e+00
5.1116816431e+01 2.7430598906e+00
5.1121951220e+01 2.7431341687e+00
5.1127086008e+01 2.7432084215e+00
5.1132220796e+01 2.7432826488e+00
5.1137355584e+01 2.7433568507e+00
5.1142490372e+01 2.7434310272e+00
5.1147625160e+01 2.7435051783e+00
5.1152759949e+01 2.7435793041e+00
5.1157894737e+01 2.7436534046e+00
5.1163029525e+01 2.7437274797e+00
5.1168164313e+01 2.7438015295e+00
5.1173299101e+01 2.7438755540e+00
5.1178433890e+01 2.7439495533e+00
5.1183568678e+01 2.7440235273e+00
5.1188703466e+01 2.7440974761e+00
5.1193838254e+01 2.7441713996e+00
5.1198973042e+01 2.7442452979e+00
5.1204107831e+01 2.7443191711e+00
5.1209242619e+01 2.7443930191e+00
5.1214377407e+01 2.7444668419e+00
5.1219512195e+01 2.7445406396e+00
5.1224646983e+01 2.7446144121e+00
5.1229781771e+01 2.7446881596e+00
5.1234916560e+01 2.7447618820e+00
5.1245186136e+01 2.7449092515e+00
5.1758664955e+01 2.7521527162e+00
5.2272143774e+01 2.7591614705e+00
5.2785622593e+01 2.7659500031e+00
5.3299101412e+01 2.7725316091e+00
5.3812580231e+01 2.7789184996e+00
5.4326059050e+01 2.7851218984e+00
5.4839537869e+01 2.7911521288e+00
5.5353016688e+01 2.7970186903e+00
5.5866495507e+01 2.8027303280e+00
5.6379974326e+01 2.8082950937e+00
5.6893453145e+01 2.8137204014e+00
5.7406931964e+01 2.8190130767e+00
5.7920410783e+01 2.8241794014e+00
5.8433889602e+01 2.8292251529e+00
5.8947368421e+01 2.8341556406e+00
5.9460847240e+01 2.8389757379e+00
5.9974326059e+01 2.8436899113e+00
6.0487804878e+01 2.8483022467e+00
6.1001283697e+01 2.8528164728e+00
6.1514762516e+01 2.8572359825e+00
6.2028241335e+01 2.8615638522e+00
6.2541720154e+01 2.8658028589e+00
6.3055198973e+01 2.8699554961e+00
6.3568677792e+01 2.8740239876e+00
6.4082156611e+01 2.8780103003e+00
6.4595635430e+01 2.8819161558e+00
6.5109114249e+01 2.8857430404e+00
6.5622593068e+01 2.8894922145e+00
6.6136071887e+01 2.8931647211e+00
6.6649550706e+01 2.8967613928e+00
6.7163029525e+01 2.9002828589e+00
6.7676508344e+01 2.9037295510e+00
6.8189987163e+01 2.9070345545e+00
6.8703465982e+01 2.9102279677e+00
6.9216944801e+01 2.9133729137e+00
6.9730423620e+01 2.9164727113e+00
7.0243902439e+01 2.9195304476e+00
7.0757381258e+01 2.9225489876e+00
7.1270860077e+01 2.9255309842e+00
7.1784338896e+01 2.9284788879e+00
7.2297817715e+01 2.9313949559e+00
7.2811296534e+01 2.9342812615e+00
7.3324775353e+01 2.9371397020e+00
7.3838254172e+01 2.9399720082e+00
7.4351732991e+01 2.9427797516e+00
7.4865211810e+01 2.9455643531e+00
7.5378690629e+01 2.9483270903e+00
7.5892169448e+01 2.9510691048e+00
7.6405648267e+01 2.9537914095e+00
7.6919127086e+01 2.9564948952e+00
7.7432605905e+01 2.9591803375e+00
7.7946084724e+01 2.9618484027e+00
7.8459563543e+01 2.9644996542e+00
7.8973042362e+01 2.9671345579e+00
7.9486521181e+01 2.9697534878e+00
8.0000000000e+01 2.9723567312e+00
8.0513478819e+01 2.9749399893e+00
8.1026957638e+01 2.9774985447e+00
8.1540436457e+01 2.9800325009e+00
8.2053915276e+01 2.9825419624e+00
8.2567394095e+01 2.9850270339e+00
8.3080872914e+01 2.9874878200e+00
8.3594351733e+01 2.9899244252e+00
8.4107830552e+01 2.9923369542e+00
8.4621309371e+01 2.9947255115e+00
8.5134788190e+01 2.9970902018e+00
8.5648267009e+01 2.9994311297e+00
8.6161745828e+01 3.0017483998e+00
8.6675224647e+01 3.0040421165e+00
8.7188703466e+01 3.0063123847e+00
8.7702182285e+01 3.0085593088e+00
8.8215661104e+01 3.0107829935e+00
8.8729139923e+01 3.0129835433e+00
8.9242618742e+01 3.0151610629e+00
8.9756097561e+01 3.0173156568e+00
9.0269576380e+01 3.0194474297e+00
9.0783055199e+01 3.0215564862e+00
9.1296534018e+01 3.0236429308e+00
9.1810012837e+01 3.0257068682e+00
9.2323491656e+01 3.0277484029e+00
9.2836970475e+01 3.0297676396e+00
9.3350449294e+01 3.0317646829e+00
9.3863928113e+01 3.0337396373e+00
9.4377406932e+01 3.0356926074e+00
9.4890885751e+01 3.0376236980e+00
9.5404364570e+01 3.0395330134e+00
9.5917843389e+01 3.0414206585e+00
9.6431322208e+01 3.0432867377e+00
9.6944801027e+01 3.0451313556e+00
9.7458279846e+01 3.0469546169e+00
9.7971758665e+01 3.0487566261e+00
9.8485237484e+01 3.0505374880e+00
9.8998716303e+01 3.0522973069e+00
9.9512195122e+01 3.0540361876e+00
1.0002567394e+02 3.0557542347e+00
1.0053915276e+02 3.0574515527e+00
1.0105263158e+02 3.0591282463e+00
1.0156611040e+02 3.0607844200e+00
1.0207958922e+02 3.0624201785e+00
1.0259306804e+02 3.0640356263e+00
1.0310654685e+02 3.0656308681e+00
1.0362002567e+02 3.0672060085e+00
1.0413350449e+02 3.0687611519e+00
1.0464698331e+02 3.0702964032e+00
1.0516046213e+02 3.0718118668e+00
1.0567394095e+02 3.0733076473e+00
1.0618741977e+02 3.0747838494e+00
1.0670089859e+02 3.0762405777e+00
1.0721437741e+02 3.0776779367e+00
1.0772785623e+02 3.0790960310e+00
1.0824133504e+02 3.0804949653e+00
1.0875481386e+02 3.0818748441e+00
1.0926829268e+02 3.0832357721e+00
1.0978177150e+02 3.0845778539e+00
1.1029525032e+02 3.0859011940e+00
1.1080872914e+02 3.0872058970e+00
1.1132220796e+02 3.0884920676e+00
1.1183568678e+02 3.0897598103e+00
1.1234916560e+02 3.0910092298e+00
1.1286264442e+02 3.0922404307e+00
1.1337612323e+02 3.0934535175e+00
1.1388960205e+02 3.0946485948e+00
1.1440308087e+02 3.0958257673e+00
1.1491655969e+02 3.0969851395e+00
1.1543003851e+02 3.0981268161e+00
1.1594351733e+02 3.0992509016e+00
1.1645699615e+02 3.1003575006e+00
1.1697047497e+02 3.1014467178e+00
1.1748395379e+02 3.1025186578e+00
1.1799743261e+02 3.1035734251e+00
1.1851091142e+02 3.1046111243e+00
1.1902439024e+02 3.1056318601e+00
1.1953786906e+02 3.1066357371e+00
1.2005134788e+02 3.1076228597e+00
1.2056482670e+02 3.1085933328e+00
1.2107830552e+02 3.1095472607e+00
1.2159178434e+02 3.1104847482e+00
1.2210526316e+02 3.1114058999e+00
1.2261874198e+02 3.1123108203e+00
1.2313222080e+02 3.1131996140e+00
1.2364569962e+02 3.1140723857e+00
1.2415917843e+02 3.1149292399e+00
1.2467265725e+02 3.1157702813e+00
1.2518613607e+02 3.1165956144e+00
1.2569961489e+02 3.1174053439e+00
1.2621309371e+02 3.1181995743e+00
1.2672657253e+02 3.1189784102e+00
1.2724005135e+02 3.1197419563e+00
1.2775353017e+02 3.1204903171e+00
1.2826700899e+02 3.1212235972e+00
1.2878048781e+02 3.1219419013e+00
1.2929396662e+02 3.1226453340e+00
1.2980744544e+02 3.1233339997e+00
1.3032092426e+02 3.1240080033e+00
1.3083440308e+02 3.1246674491e+00
1.3134788190e+02 3.1253124419e+00
1.3186136072e+02 3.1259430862e+00
1.3237483954e+02 3.1265594867e+00
1.3288831836e+02 3.1271617479e+00
1.3340179718e+02 3.1277499745e+00
1.3391527600e+02 3.1283242710e+00
1.3442875481e+02 3.1288847420e+00
1.3494223363e+02 3.1294314922e+00
1.3545571245e+02 3.1299646261e+00
1.3596919127e+02 3.1304842483e+00
1.3648267009e+02 3.1309904635e+00
1.3699614891e+02 3.1314833762e+00
1.3750962773e+02 3.1319630910e+00
1.3802310655e+02 3.1324297126e+00
1.3853658537e+02 3.1328833455e+00
1.3905006419e+02 3.1333240944e+00
1.3956354300e+02 3.1337520638e+00
1.4007702182e+02 3.1341673583e+00
1.4059050064e+02 3.1345700825e+00
1.4110397946e+02 3.1349603411e+00
1.4161745828e+02 3.1353382387e+00
1.4213093710e+02 3.1357038797e+00
1.4264441592e+02 3.1360573689e+00
1.4315789474e+02 3.1363988108e+00
1.4367137356e+02 3.1367283101e+00
1.4418485238e+02 3.1370459713e+00
1.4469833119e+02 3.1373518990e+00
1.4521181001e+02 3.1376461979e+00
1.4572528883e+02 3.1379289725e+00
1.4623876765e+02 3.1382003274e+00
1.4675224647e+02 3.1384603673e+00
1.4726572529e+02 3.1387091967e+00
1.4777920411e+02 3.1389469202e+00
1.4829268293e+02 3.1391736424e+00
1.4880616175e+02 3.1393894680e+00
1.4931964057e+02 3.1395945015e+00
1.4983311938e+02 3.1397888476e+00
1.5034659820e+02 3.1399726108e+00
1.5086007702e+02 3.1401458957e+00
1.5137355584e+02 3.1403088069e+00
1.5188703466e+02 3.1404614491e+00
1.5240051348e+02 3.1406039267e+00
1.5291399230e+02 3.1407363446e+00
1.5342747112e+02 3.1408588071e+00
1.5394094994e+02 3.1409714190e+00
1.5445442876e+02 3.1410742848e+00
1.5496790757e+02 3.1411675091e+00
1.5548138639e+02 3.1412511966e+00
1.5599486521e+02 3.1413254518e+00
1.5650834403e+02 3.1413903793e+00
1.5702182285e+02 3.1414460838e+00
1.5753530167e+02 3.1414926697e+00
1.5804878049e+02 3.1415302418e+00
1.5856225931e+02 3.1415589047e+00
1.5907573813e+02 3.1415787628e+00
1.5958921695e+02 3.1415899209e+00
1.5998973042e+02 3.1415926519e+00
1.5999486521e+02 3.1415926532e+00
1.6000000000e+02 3.1415926536e+00
9.9998973043e+02 3.1415926536e+00
1.0000000000e+03 3.1415926536e+00