1001
4.0000000000e+00 0.0000000000e+00
4.0051347882e+00 -1.4408537656e-03
4.0102695764e+00 -2.1760754550e-03
4.0154043646e+00 -2.7334580898e-03
4.0205391528e+00 -3.2050143596e-03
4.0256739409e+00 -3.6230474779e-03
4.0308087291e+00 -4.0034396482e-03
4.0359435173e+00 -4.3554209993e-03
4.0410783055e+00 -4.6849356333e-03
4.0462130937e+00 -4.9960883436e-03
4.0513478819e+00 -5.2918609001e-03
4.0564826701e+00 -5.5745039156e-03
4.0616174583e+00 -5.8457678568e-03
4.0667522465e+00 -6.1070473885e-03
4.0718870347e+00 -6.3594758721e-03
4.0770218228e+00 -6.6039896437e-03
4.0821566110e+00 -6.8413731537e-03
4.0872913992e+00 -7.0722915356e-03
4.0924261874e+00 -7.2973146545e-03
4.0975609756e+00 -7.5169352249e-03
4.1026957638e+00 -7.7315827012e-03
4.1078305520e+00 -7.9416340942e-03
4.1129653402e+00 -8.1474225096e-03
4.1181001284e+00 -8.3492439714e-03
4.1232349166e+00 -8.5473629358e-03
4.1283697047e+00 -8.7420167903e-03
4.1335044929e+00 -8.9334195601e-03
4.1386392811e+00 -9.1217649844e-03
4.1437740693e+00 -9.3072290911e-03
4.1489088575e+00 -9.4899723655e-03
4.1540436457e+00 -9.6701415893e-03
4.1591784339e+00 -9.8478714094e-03
4.1643132221e+00 -1.0023285683e-02
4.1694480103e+00 -1.0196498636e-02
4.1745827985e+00 -1.0367615870e-02
4.1797175866e+00 -1.0536735235e-02
4.1848523748e+00 -1.0703947593e-02
4.1899871630e+00 -1.0869337488e-02
4.1951219512e+00 -1.1032983736e-02
4.2002567394e+00 -1.1194959946e-02
4.2053915276e+00 -1.1355334981e-02
4.2105263158e+00 -1.1514173372e-02
4.2156611040e+00 -1.1671535680e-02
4.2207958922e+00 -1.1827478827e-02
4.2259306804e+00 -1.1982056389e-02
4.2310654685e+00 -1.2135318858e-02
4.2362002567e+00 -1.2287313885e-02
4.2413350449e+00 -1.2438086491e-02
4.2464698331e+00 -1.2587679263e-02
4.2516046213e+00 -1.2736132532e-02
4.2567394095e+00 -1.2883484530e-02
4.2618741977e+00 -1.3029771543e-02
4.2670089859e+00 -1.3175028036e-02
4.2721437741e+00 -1.3319286782e-02
4.2772785623e+00 -1.3462578973e-02
4.2824133504e+00 -1.3604934317e-02
4.2875481386e+00 -1.3746381141e-02
4.2926829268e+00 -1.3886946470e-02
4.2978177150e+00 -1.4026656111e-02
4.3029525032e+00 -1.4165534725e-02
4.3080872914e+00 -1.4303605898e-02
4.3132220796e+00 -1.4440892200e-02
4.3183568678e+00 -1.4577415248e-02
4.3234916560e+00 -1.4713195755e-02
4.3286264442e+00 -1.4848253585e-02
4.3337612323e+00 -1.4982607798e-02
4.3388960205e+00 -1.5116276694e-02
4.3440308087e+00 -1.5249277851e-02
4.3491655969e+00 -1.5381628168e-02
4.3543003851e+00 -1.5513343897e-02
4.3594351733e+00 -1.5644440677e-02
4.3645699615e+00 -1.5774933563e-02
4.3697047497e+00 -1.5904837058e-02
4.3748395379e+00 -1.6034165140e-02
4.3799743261e+00 -1.6162931285e-02
4.3851091142e+00 -1.6291148494e-02
4.3902439024e+00 -1.6418829312e-02
4.3953786906e+00 -1.6545985853e-02
4.4005134788e+00 -1.6672629817e-02
4.4056482670e+00 -1.6798772512e-02
4.4107830552e+00 -1.6924424866e-02
4.4159178434e+00 -1.7049597453e-02
4.4210526316e+00 -1.7174300497e-02
4.4261874198e+00 -1.7298543898e-02
4.4313222080e+00 -1.7422337239e-02
4.4364569961e+00 -1.7545689802e-02
4.4415917843e+00 -1.7668610580e-02
4.4467265725e+00 -1.7791108291e-02
4.4518613607e+00 -1.7913191385e-02
4.4569961489e+00 -1.8034868060e-02
4.4621309371e+00 -1.8156146267e-02
4.4672657253e+00 -1.8277033724e-02
4.4724005135e+00 -1.8397537923e-02
4.4775353017e+00 -1.8517666140e-02
4.4826700899e+00 -1.8637425442e-02
4.4878048780e+00 -1.8756822696e-02
4.4929396662e+00 -1.8875864574e-02
4.4980744544e+00 -1.8994557566e-02
4.5032092426e+00 -1.9112907981e-02
4.5083440308e+00 -1.9230921955e-02
4.5134788190e+00 -1.9348605461e-02
4.5186136072e+00 -1.9465964309e-02
4.5237483954e+00 -1.9583004155e-02
4.5288831836e+00 -1.9699730509e-02
4.5340179718e+00 -1.9816148733e-02
4.5391527599e+00 -1.9932264054e-02
4.5442875481e+00 -2.0048081563e-02
4.5494223363e+00 -2.0163606222e-02
4.5545571245e+00 -2.0278842867e-02
4.5596919127e+00 -2.0393796216e-02
4.5648267009e+00 -2.0508470867e-02
4.5699614891e+00 -2.0622871307e-02
4.5750962773e+00 -2.0737001912e-02
4.5802310655e+00 -2.0850866953e-02
4.5853658537e+00 -2.0964470599e-02
4.5905006418e+00 -2.1077816919e-02
4.5956354300e+00 -2.1190909886e-02
4.6007702182e+00 -2.1303753381e-02
4.6059050064e+00 -2.1416351193e-02
4.6110397946e+00 -2.1528707026e-02
4.6161745828e+00 -2.1640824495e-02
4.6213093710e+00 -2.1752707138e-02
4.6264441592e+00 -2.1864358410e-02
4.6315789474e+00 -2.1975781689e-02
4.6367137356e+00 -2.2086980278e-02
4.6418485237e+00 -2.2197957408e-02
4.6469833119e+00 -2.2308716238e-02
4.6521181001e+00 -2.2419259860e-02
4.6572528883e+00 -2.2529591296e-02
4.6623876765e+00 -2.2639713508e-02
4.6675224647e+00 -2.2749629389e-02
4.6726572529e+00 -2.2859341777e-02
4.6777920411e+00 -2.2968853445e-02
4.6829268293e+00 -2.3078167111e-02
4.6880616175e+00 -2.3187285437e-02
4.6931964056e+00 -2.3296211028e-02
4.6983311938e+00 -2.3404946438e-02
4.7034659820e+00 -2.3513494167e-02
4.7086007702e+00 -2.3621856667e-02
4.7137355584e+00 -2.3730036337e-02
4.7188703466e+00 -2.3838035533e-02
4.7240051348e+00 -2.3945856561e-02
4.7291399230e+00 -2.4053501682e-02
4.7342747112e+00 -2.4160973113e-02
4.7394094994e+00 -2.4268273029e-02
4.7445442875e+00 -2.4375403562e-02
4.7496790757e+00 -2.4482366802e-02
4.7548138639e+00 -2.4589164802e-02
4.7599486521e+00 -2.4695799573e-02
4.7650834403e+00 -2.4802273090e-02
4.7702182285e+00 -2.4908587290e-02
4.7753530167e+00 -2.5014744074e-02
4.7804878049e+00 -2.5120745308e-02
4.7856225931e+00 -2.5226592825e-02
4.7907573813e+00 -2.5332288421e-02
4.7958921694e+00 -2.5437833862e-02
4.8010269576e+00 -2.5543230882e-02
4.8061617458e+00 -2.5648481182e-02
4.8112965340e+00 -2.5753586434e-02
4.8164313222e+00 -2.5858548281e-02
4.8215661104e+00 -2.5963368334e-02
4.8267008986e+00 -2.6068048178e-02
4.8318356868e+00 -2.6172589369e-02
4.8369704750e+00 -2.6276993437e-02
4.8421052632e+00 -2.6381261885e-02
4.8472400513e+00 -2.6485396190e-02
4.8523748395e+00 -2.6589397804e-02
4.8575096277e+00 -2.6693268153e-02
4.8626444159e+00 -2.6797008639e-02
4.8677792041e+00 -2.6900620643e-02
4.8729139923e+00 -2.7004105520e-02
4.8780487805e+00 -2.7107464602e-02
4.8831835687e+00 -2.7210699202e-02
4.8883183569e+00 -2.7313810607e-02
4.8934531451e+00 -2.7416800087e-02
4.8985879332e+00 -2.7519668888e-02
4.9037227214e+00 -2.7622418238e-02
4.9088575096e+00 -2.7725049344e-02
4.9139922978e+00 -2.7827563392e-02
4.9191270860e+00 -2.7929961552e-02
4.9242618742e+00 -2.8032244973e-02
4.9293966624e+00 -2.8134414787e-02
4.9345314506e+00 -2.8236472108e-02
4.9396662388e+00 -2.8338418031e-02
4.9448010270e+00 -2.8440253635e-02
4.9499358151e+00 -2.8541979983e-02
4.9550706033e+00 -2.8643598119e-02
4.9602053915e+00 -2.8745109074e-02
4.9653401797e+00 -2.8846513860e-02
4.9704749679e+00 -2.8947813476e-02
4.9756097561e+00 -2.9049008904e-02
4.9807445443e+00 -2.9150101113e-02
4.9858793325e+00 -2.9251091054e-02
4.9910141207e+00 -2.9351979668e-02
4.9961489089e+00 -2.9452767878e-02
5.0012836970e+00 -2.9553456597e-02
5.0064184852e+00 -2.9654046720e-02
5.0115532734e+00 -2.9754539133e-02
5.0166880616e+00 -2.9854934706e-02
5.0218228498e+00 -2.9955234297e-02
5.0320924262e+00 -3.0155548908e-02
5.5455712452e+00 -3.9794423403e-02
6.0590500642e+00 -4.8932128175e-02
6.5725288832e+00 -5.7739804607e-02
7.0860077022e+00 -6.6289815129e-02
7.5994865212e+00 -7.4618880686e-02
8.1129653402e+00 -8.2748417858e-02
8.6264441592e+00 -9.0692483237e-02
9.1399229782e+00 -9.8461288150e-02
9.6534017972e+00 -1.0606289617e-01
1.0166880616e+01 -1.1350409815e-01
1.0680359435e+01 -1.2079088645e-01
1.1193838254e+01 -1.2792872232e-01
1.1707317073e+01 -1.3492269143e-01
1.2220795892e+01 -1.4177759688e-01
1.2734274711e+01 -1.4849801585e-01
1.3247753530e+01 -1.5508833507e-01
1.3761232349e+01 -1.6155277324e-01
1.4274711168e+01 -1.6789539570e-01
1.4788189987e+01 -1.7412012425e-01
1.5301668806e+01 -1.8023074395e-01
1.5815147625e+01 -1.8623090818e-01
1.6328626444e+01 -1.9212414250e-01
1.6842105263e+01 -1.9791384789e-01
1.7355584082e+01 -2.0360330368e-01
1.7869062901e+01 -2.0919567022e-01
1.8382541720e+01 -2.1469399147e-01
1.8896020539e+01 -2.2010119766e-01
1.9409499358e+01 -2.2542010788e-01
1.9922978177e+01 -2.3065343278e-01
2.0436456996e+01 -2.3580377728e-01
2.0949935815e+01 -2.4087364338e-01
2.1463414634e+01 -2.4586543300e-01
2.1976893453e+01 -2.5078145082e-01
2.2490372272e+01 -2.5562390720e-01
2.3003851091e+01 -2.6039492114e-01
2.3517329910e+01 -2.6509652321e-01
2.4030808729e+01 -2.6973065849e-01
2.4544287548e+01 -2.7429918954e-01
2.5057766367e+01 -2.7880389934e-01
2.5571245186e+01 -2.8324649421e-01
2.6084724005e+01 -2.8762860670e-01
2.6598202824e+01 -2.9195179845e-01
2.7111681643e+01 -2.9621756308e-01
2.7625160462e+01 -3.0042732890e-01
2.8138639281e+01 -3.0458246171e-01
2.8652118100e+01 -3.0868426747e-01
2.9165596919e+01 -3.1273399499e-01
2.9679075738e+01 -3.1673283844e-01
3.0192554557e+01 -3.2068193997e-01
3.0706033376e+01 -3.2458239210e-01
3.1219512195e+01 -3.2843524021e-01
3.1732991014e+01 -3.3224148480e-01
3.2246469833e+01 -3.3600208383e-01
3.2759948652e+01 -3.3971795491e-01
3.3273427471e+01 -3.4338997742e-01
3.3786906290e+01 -3.4701899462e-01
3.4300385109e+01 -3.5060581562e-01
3.4813863928e+01 -3.5415121735e-01
3.5327342747e+01 -3.5765594634e-01
3.5840821566e+01 -3.6112072059e-01
3.6354300385e+01 -3.6454623121e-01
3.6867779204e+01 -3.6793314408e-01
3.7381258023e+01 -3.7128210141e-01
3.7894736842e+01 -3.7459372318e-01
3.8408215661e+01 -3.7786860856e-01
3.8921694480e+01 -3.8110733721e-01
3.9435173299e+01 -3.8431047049e-01
3.9948652118e+01 -3.8747855260e-01
4.0462130937e+01 -3.9061211161e-01
4.0975609756e+01 -3.9371166039e-01
4.1489088575e+01 -3.9677769745e-01
4.2002567394e+01 -3.9981070760e-01
4.2516046213e+01 -4.0281116260e-01
4.3029525032e+01 -4.0577952147e-01
4.3543003851e+01 -4.0871623086e-01
4.4056482670e+01 -4.1162172498e-01
4.4569961489e+01 -4.1449642549e-01
4.5083440308e+01 -4.1734074092e-01
4.5596919127e+01 -4.2015506578e-01
4.6110397946e+01 -4.2293977913e-01
4.6623876765e+01 -4.2569524240e-01
4.7137355584e+01 -4.2842179621e-01
4.7650834403e+01 -4.3111975556e-01
4.8164313222e+01 -4.3378940269e-01
4.8677792041e+01 -4.3643097576e-01
4.8682926829e+01 -4.3645725037e-01
4.8688061617e+01 -4.3648352220e-01
4.8693196406e+01 -4.3650979124e-01
4.8698331194e+01 -4.3653605749e-01
4.8703465982e+01 -4.3656232095e-01
4.8708600770e+01 -4.3658858162e-01
4.8713735558e+01 -4.3661483950e-01
4.8718870347e+01 -4.3664109460e-01
4.8724005135e+01 -4.3666734691e-01
4.8729139923e+01 -4.3669359643e-01
4.8734274711e+01 -4.3671984316e-01
4.8739409499e+01 -4.3674608710e-01
4.8744544288e+01 -4.3677232826e-01
4.8749679076e+01 -4.3679856663e-01
4.8754813864e+01 -4.3682480221e-01
4.8759948652e+01 -4.3685103501e-01
4.8765083440e+01 -4.3687726501e-01
4.8770218228e+01 -4.3690349223e-01
4.8775353017e+01 -4.3692971667e-01
4.8780487805e+01 -4.3695593832e-01
4.8785622593e+01 -4.3698215718e-01
4.8790757381e+01 -4.3700837325e-01
4.8795892169e+01 -4.3703458654e-01
4.8801026958e+01 -4.3706079704e-01
4.8806161746e+01 -4.3708700476e-01
4.8811296534e+01 -4.3711320969e-01
4.8816431322e+01 -4.3713941183e-01
4.8821566110e+01 -4.3716561119e-01
4.8826700899e+01 -4.3719180777e-01
4.8831835687e+01 -4.3721800155e-01
4.8836970475e+01 -4.3724419256e-01
4.8842105263e+01 -4.3727038077e-01
4.8847240051e+01 -4.3729656620e-01
4.8852374840e+01 -4.3732274885e-01
4.8857509628e+01 -4.3734892871e-01
4.8862644416e+01 -4.3737510579e-01
4.8867779204e+01 -4.3740128008e-01
4.8872913992e+01 -4.3742745159e-01
4.8878048780e+01 -4.3745362031e-01
4.8883183569e+01 -4.3747978625e-01
4.8888318357e+01 -4.3750594940e-01
4.8893453145e+01 -4.3753210977e-01
4.8898587933e+01 -4.3755826736e-01
4.8903722721e+01 -4.3758442216e-01
4.8908857510e+01 -4.3761057418e-01
4.8913992298e+01 -4.3763672341e-01
4.8919127086e+01 -4.3766286986e-01
4.8924261874e+01 -4.3768901353e-01
4.8929396662e+01 -4.3771515441e-01
4.8934531451e+01 -4.3774129251e-01
4.8939666239e+01 -4.3776742782e-01
4.8944801027e+01 -4.3779356036e-01
4.8949935815e+01 -4.3781969011e-01
4.8955070603e+01 -4.3784581707e-01
4.8960205392e+01 -4.3787194125e-01
4.8965340180e+01 -4.3789806265e-01
4.8970474968e+01 -4.3792418127e-01
4.8975609756e+01 -4.3795029710e-01
4.8980744544e+01 -4.3797641015e-01
4.8985879332e+01 -4.3800252042e-01
4.8991014121e+01 -4.3802862791e-01
4.8996148909e+01 -4.3805473261e-01
4.9001283697e+01 -4.3808083453e-01
4.9006418485e+01 -4.3810693367e-01
4.9011553273e+01 -4.3813303002e-01
4.9016688062e+01 -4.3815912360e-01
4.9021822850e+01 -4.3818521439e-01
4.9026957638e+01 -4.3821130240e-01
4.9032092426e+01 -4.3823738763e-01
4.9037227214e+01 -4.3826347007e-01
4.9042362003e+01 -4.3828954973e-01
4.9047496791e+01 -4.3831562661e-01
4.9052631579e+01 -4.3834170071e-01
4.9057766367e+01 -4.3836777203e-01
4.9062901155e+01 -4.3839384057e-01
4.9068035944e+01 -4.3841990632e-01
4.9073170732e+01 -4.3844596929e-01
4.9078305520e+01 -4.3847202948e-01
4.9083440308e+01 -4.3849808689e-01
4.9088575096e+01 -4.3852414152e-01
4.9093709884e+01 -4.3855019337e-01
4.9098844673e+01 -4.3857624243e-01
4.9103979461e+01 -4.3860228872e-01
4.9109114249e+01 -4.3862833222e-01
4.9114249037e+01 -4.3865437294e-01
4.9119383825e+01 -4.3868041088e-01
4.9124518614e+01 -4.3870644604e-01
4.9129653402e+01 -4.3873247842e-01
4.9134788190e+01 -4.3875850801e-01
4.9139922978e+01 -4.3878453483e-01
4.9145057766e+01 -4.3881055886e-01
4.9150192555e+01 -4.3883658012e-01
4.9155327343e+01 -4.3886259859e-01
4.9160462131e+01 -4.3888861428e-01
4.9165596919e+01 -4.3891462719e-01
4.9170731707e+01 -4.3894063732e-01
4.9175866496e+01 -4.3896664467e-01
4.9181001284e+01 -4.3899264924e-01
4.9186136072e+01 -4.3901865103e-01
4.9191270860e+01 -4.3904465004e-01
4.9196405648e+01 -4.3907064626e-01
4.9201540436e+01 -4.3909663971e-01
4.9206675225e+01 -4.3912263037e-01
4.9211810013e+01 -4.3914861826e-01
4.9216944801e+01 -4.3917460336e-01
4.9222079589e+01 -4.3920058568e-01
4.9227214377e+01 -4.3922656523e-01
4.9232349166e+01 -4.3925254199e-01
4.9237483954e+01 -4.3927851597e-01
4.9242618742e+01 -4.3930448717e-01
4.9247753530e+01 -4.3933045559e-01
4.9252888318e+01 -4.3935642123e-01
4.9258023107e+01 -4.3938238409e-01
4.9263157895e+01 -4.3940834417e-01
4.9268292683e+01 -4.3943430146e-01
4.9273427471e+01 -4.3946025598e-01
4.9278562259e+01 -4.3948620772e-01
4.9283697047e+01 -4.3951215667e-01
4.9288831836e+01 -4.3953810285e-01
4.9293966624e+01 -4.3956404624e-01
4.9299101412e+01 -4.3958998685e-01
4.9304236200e+01 -4.3961592469e-01
4.9309370988e+01 -4.3964185974e-01
4.9314505777e+01 -4.3966779201e-01
4.9319640565e+01 -4.3969372150e-01
4.9324775353e+01 -4.3971964821e-01
4.9329910141e+01 -4.3974557214e-01
4.9335044929e+01 -4.3977149329e-01
4.9340179718e+01 -4.3979741166e-01
4.9345314506e+01 -4.3982332724e-01
4.9350449294e+01 -4.3984924005e-01
4.9355584082e+01 -4.3987515008e-01
4.9360718870e+01 -4.3990105732e-01
4.9365853659e+01 -4.3992696178e-01
4.9370988447e+01 -4.3995286346e-01
4.9376123235e+01 -4.3997876237e-01
4.9381258023e+01 -4.4000465849e-01
4.9386392811e+01 -4.4003055182e-01
4.9391527599e+01 -4.4005644238e-01
4.9396662388e+01 -4.4008233016e-01
4.9401797176e+01 -4.4010821515e-01
4.9406931964e+01 -4.4013409737e-01
4.9412066752e+01 -4.4015997680e-01
4.9417201540e+01 -4.4018585345e-01
4.9422336329e+01 -4.4021172732e-01
4.9427471117e+01 -4.4023759841e-01
4.9432605905e+01 -4.4026346672e-01
4.9437740693e+01 -4.4028933224e-01
4.9442875481e+01 -4.4031519498e-01
4.9448010270e+01 -4.4034105494e-01
4.9453145058e+01 -4.4036691212e-01
4.9458279846e+01 -4.4039276652e-01
4.9463414634e+01 -4.4041861814e-01
4.9468549422e+01 -4.4044446697e-01
4.9473684211e+01 -4.4047031302e-01
4.9478818999e+01 -4.4049615629e-01
4.9483953787e+01 -4.4052199678e-01
4.9489088575e+01 -4.4054783448e-01
4.9494223363e+01 -4.4057366940e-01
4.9499358151e+01 -4.4059950154e-01
4.9504492940e+01 -4.4062533090e-01
4.9509627728e+01 -4.4065115747e-01
4.9514762516e+01 -4.4067698126e-01
4.9519897304e+01 -4.4070280227e-01
4.9525032092e+01 -4.4072862049e-01
4.9530166881e+01 -4.4075443594e-01
4.9535301669e+01 -4.4078024859e-01
4.9540436457e+01 -4.4080605847e-01
4.9545571245e+01 -4.4083186556e-01
4.9550706033e+01 -4.4085766987e-01
4.9555840822e+01 -4.4088347139e-01
4.9560975610e+01 -4.4090927013e-01
4.9566110398e+01 -4.4093506609e-01
4.9571245186e+01 -4.4096085926e-01
4.9576379974e+01 -4.4098664965e-01
4.9581514763e+01 -4.4101243725e-01
4.9586649551e+01 -4.4103822207e-01
4.9591784339e+01 -4.4106400411e-01
4.9596919127e+01 -4.4108978336e-01
4.9602053915e+01 -4.4111555982e-01
4.9607188703e+01 -4.4114133350e-01
4.9612323492e+01 -4.4116710440e-01
4.9617458280e+01 -4.4119287251e-01
4.9622593068e+01 -4.4121863783e-01
4.9627727856e+01 -4.4124440037e-01
4.9632862644e+01 -4.4127016013e-01
4.9637997433e+01 -4.4129591709e-01
4.9643132221e+01 -4.4132167128e-01
4.9648267009e+01 -4.4134742267e-01
4.9653401797e+01 -4.4137317128e-01
4.9658536585e+01 -4.4139891710e-01
4.9663671374e+01 -4.4142466014e-01
4.9668806162e+01 -4.4145040039e-01
4.9673940950e+01 -4.4147613785e-01
4.9679075738e+01 -4.4150187253e-01
4.9684210526e+01 -4.4152760441e-01
4.9689345315e+01 -4.4155333351e-01
4.9694480103e+01 -4.4157905983e-01
4.9699614891e+01 -4.4160478335e-01
4.9704749679e+01 -4.4163050409e-01
4.9709884467e+01 -4.4165622204e-01
4.9715019255e+01 -4.4168193720e-01
4.9720154044e+01 -4.4170764957e-01
4.9725288832e+01 -4.4173335915e-01
4.9730423620e+01 -4.4175906594e-01
4.9735558408e+01 -4.4178476995e-01
4.9740693196e+01 -4.4181047116e-01
4.9745827985e+01 -4.4183616959e-01
4.9750962773e+01 -4.4186186522e-01
4.9756097561e+01 -4.4188755807e-01
4.9761232349e+01 -4.4191324812e-01
4.9766367137e+01 -4.4193893539e-01
4.9771501926e+01 -4.4196461986e-01
4.9776636714e+01 -4.4199030154e-01
4.9781771502e+01 -4.4201598043e-01
4.9786906290e+01 -4.4204165653e-01
4.9792041078e+01 -4.4206732984e-01
4.9797175866e+01 -4.4209300035e-01
4.9802310655e+01 -4.4211866808e-01
4.9807445443e+01 -4.4214433301e-01
4.9812580231e+01 -4.4216999515e-01
4.9817715019e+01 -4.4219565449e-01
4.9822849807e+01 -4.4222131104e-01
4.9827984596e+01 -4.4224696480e-01
4.9833119384e+01 -4.4227261576e-01
4.9838254172e+01 -4.4229826393e-01
4.9843388960e+01 -4.4232390931e-01
4.9848523748e+01 -4.4234955189e-01
4.9853658537e+01 -4.4237519168e-01
4.9858793325e+01 -4.4240082867e-01
4.9863928113e+01 -4.4242646286e-01
4.9869062901e+01 -4.4245209426e-01
4.9874197689e+01 -4.4247772287e-01
4.9879332478e+01 -4.4250334868e-01
4.9884467266e+01 -4.4252897169e-01
4.9889602054e+01 -4.4255459190e-01
4.9894736842e+01 -4.4258020932e-01
4.9899871630e+01 -4.4260582393e-01
4.9905006418e+01 -4.4263143575e-01
4.9910141207e+01 -4.4265704478e-01
4.9915275995e+01 -4.4268265100e-01
4.9920410783e+01 -4.4270825443e-01
4.9925545571e+01 -4.4273385505e-01
4.9930680359e+01 -4.4275945288e-01
4.9935815148e+01 -4.4278504790e-01
4.9940949936e+01 -4.4281064013e-01
4.9946084724e+01 -4.4283622955e-01
4.9951219512e+01 -4.4286181618e-01
4.9956354300e+01 -4.4288740000e-01
4.9961489089e+01 -4.4291298102e-01
4.9966623877e+01 -4.4293855924e-01
4.9971758665e+01 -4.4296413465e-01
4.9976893453e+01 -4.4298970727e-01
4.9982028241e+01 -4.4301527707e-01
4.9987163030e+01 -4.4304084408e-01
4.9992297818e+01 -4.4306640828e-01
4.9997432606e+01 -4.4309196968e-01
5.0002567394e+01 -4.4311752827e-01
5.0007702182e+01 -4.4314308406e-01
5.0012836970e+01 -4.4316863704e-01
5.0017971759e+01 -4.4319418721e-01
5.0023106547e+01 -4.4321973458e-01
5.0028241335e+01 -4.4324527915e-01
5.0033376123e+01 -4.4327082090e-01
5.0038510911e+01 -4.4329635985e-01
5.0043645700e+01 -4.4332189598e-01
5.0048780488e+01 -4.4334742931e-01
5.0053915276e+01 -4.4337295983e-01
5.0059050064e+01 -4.4339848754e-01
5.0064184852e+01 -4.4342401244e-01
5.0069319641e+01 -4.4344953453e-01
5.0074454429e+01 -4.4347505381e-01
5.0079589217e+01 -4.4350057028e-01
5.0084724005e+01 -4.4352608393e-01
5.0089858793e+01 -4.4355159477e-01
5.0094993582e+01 -4.4357710280e-01
5.0100128370e+01 -4.4360260802e-01
5.0105263158e+01 -4.4362811042e-01
5.0110397946e+01 -4.4365361001e-01
5.0115532734e+01 -4.4367910678e-01
5.0120667522e+01 -4.4370460074e-01
5.0125802311e+01 -4.4373009188e-01
5.0130937099e+01 -4.4375558020e-01
5.0136071887e+01 -4.4378106571e-01
5.0141206675e+01 -4.4380654840e-01
5.0146341463e+01 -4.4383202827e-01
5.0151476252e+01 -4.4385750532e-01
5.0156611040e+01 -4.4388297955e-01
5.0161745828e+01 -4.4390845096e-01
5.0166880616e+01 -4.4393391955e-01
5.0172015404e+01 -4.4395938532e-01
5.0177150193e+01 -4.4398484827e-01
5.0182284981e+01 -4.4401030840e-01
5.0187419769e+01 -4.4403576570e-01
5.0192554557e+01 -4.4406122018e-01
5.0197689345e+01 -4.4408667183e-01
5.0202824133e+01 -4.4411212066e-01
5.0207958922e+01 -4.4413756667e-01
5.0213093710e+01 -4.4416300984e-01
5.0218228498e+01 -4.4418845020e-01
5.0223363286e+01 -4.4421388772e-01
5.0228498074e+01 -4.4423932242e-01
5.0233632863e+01 -4.4426475428e-01
5.0238767651e+01 -4.4429018332e-01
5.0243902439e+01 -4.4431560953e-01
5.0249037227e+01 -4.4434103290e-01
5.0254172015e+01 -4.4436645345e-01
5.0259306804e+01 -4.4439187116e-01
5.0264441592e+01 -4.4441728604e-01
5.0269576380e+01 -4.4444269809e-01
5.0274711168e+01 -4.4446810730e-01
5.0279845956e+01 -4.4449351367e-01
5.0284980745e+01 -4.4451891721e-01
5.0290115533e+01 -4.4454431792e-01
5.0295250321e+01 -4.4456971578e-01
5.0300385109e+01 -4.4459511081e-01
5.0305519897e+01 -4.4462050300e-01
5.0310654685e+01 -4.4464589235e-01
5.0315789474e+01 -4.4467127886e-01
5.0320924262e+01 -4.4469666252e-01
5.0326059050e+01 -4.4472204335e-01
5.0331193838e+01 -4.4474742133e-01
5.0336328626e+01 -4.4477279646e-01
5.0341463415e+01 -4.4479816876e-01
5.0346598203e+01 -4.4482353820e-01
5.0351732991e+01 -4.4484890480e-01
5.0356867779e+01 -4.4487426856e-01
5.0362002567e+01 -4.4489962946e-01
5.0367137356e+01 -4.4492498752e-01
5.0372272144e+01 -4.4495034272e-01
5.0377406932e+01 -4.4497569508e-01
5.0382541720e+01 -4.4500104458e-01
5.0387676508e+01 -4.4502639123e-01
5.0392811297e+01 -4.4505173502e-01
5.0397946085e+01 -4.4507707596e-01
5.0403080873e+01 -4.4510241405e-01
5.0408215661e+01 -4.4512774927e-01
5.0413350449e+01 -4.4515308164e-01
5.0418485237e+01 -4.4517841116e-01
5.0423620026e+01 -4.4520373781e-01
5.0428754814e+01 -4.4522906160e-01
5.0433889602e+01 -4.4525438253e-01
5.0439024390e+01 -4.4527970059e-01
5.0444159178e+01 -4.4530501579e-01
5.0449293967e+01 -4.4533032813e-01
5.0454428755e+01 -4.4535563760e-01
5.0459563543e+01 -4.4538094420e-01
5.0464698331e+01 -4.4540624794e-01
5.0469833119e+01 -4.4543154880e-01
5.0474967908e+01 -4.4545684680e-01
5.0480102696e+01 -4.4548214192e-01
5.0485237484e+01 -4.4550743417e-01
5.0490372272e+01 -4.4553272355e-01
5.0495507060e+01 -4.4555801005e-01
5.0500641849e+01 -4.4558329367e-01
5.0505776637e+01 -4.4560857441e-01
5.0510911425e+01 -4.4563385228e-01
5.0516046213e+01 -4.4565912727e-01
5.0521181001e+01 -4.4568439937e-01
5.0526315789e+01 -4.4570966859e-01
5.0531450578e+01 -4.4573493493e-01
5.0536585366e+01 -4.4576019838e-01
5.0541720154e+01 -4.4578545895e-01
5.0546854942e+01 -4.4581071662e-01
5.0551989730e+01 -4.4583597141e-01
5.0557124519e+01 -4.4586122331e-01
5.0562259307e+01 -4.4588647231e-01
5.0567394095e+01 -4.4591171842e-01
5.0572528883e+01 -4.4593696163e-01
5.0577663671e+01 -4.4596220195e-01
5.0582798460e+01 -4.4598743937e-01
5.0587933248e+01 -4.4601267389e-01
5.0593068036e+01 -4.4603790551e-01
5.0598202824e+01 -4.4606313422e-01
5.0603337612e+01 -4.4608836003e-01
5.0608472401e+01 -4.4611358294e-01
5.0613607189e+01 -4.4613880293e-01
5.0618741977e+01 -4.4616402002e-01
5.0623876765e+01 -4.4618923420e-01
5.0629011553e+01 -4.4621444546e-01
5.0634146341e+01 -4.4623965382e-01
5.0639281130e+01 -4.4626485925e-01
5.0644415918e+01 -4.4629006177e-01
5.0649550706e+01 -4.4631526137e-01
5.0654685494e+01 -4.4634045804e-01
5.0659820282e+01 -4.4636565180e-01
5.0664955071e+01 -4.4639084263e-01
5.0670089859e+01 -4.4641603053e-01
5.0675224647e+01 -4.4644121550e-01
5.0680359435e+01 -4.4646639755e-01
5.0685494223e+01 -4.4649157666e-01
5.0690629012e+01 -4.4651675284e-01
5.0695763800e+01 -4.4654192608e-01
5.0700898588e+01 -4.4656709638e-01
5.0706033376e+01 -4.4659226374e-01
5.0711168164e+01 -4.4661742816e-01
5.0716302952e+01 -4.4664258964e-01
5.0721437741e+01 -4.4666774817e-01
5.0726572529e+01 -4.4669290375e-01
5.0731707317e+01 -4.4671805638e-01
5.0736842105e+01 -4.4674320606e-01
5.0741976893e+01 -4.4676835278e-01
5.0747111682e+01 -4.4679349654e-01
5.0752246470e+01 -4.4681863735e-01
5.0757381258e+01 -4.4684377519e-01
5.0762516046e+01 -4.4686891007e-01
5.0767650834e+01 -4.4689404198e-01
5.0772785623e+01 -4.4691917092e-01
5.0777920411e+01 -4.4694429689e-01
5.0783055199e+01 -4.4696941988e-01
5.0788189987e+01 -4.4699453990e-01
5.0793324775e+01 -4.4701965693e-01
5.0798459564e+01 -4.4704477099e-01
5.0803594352e+01 -4.4706988206e-01
5.0808729140e+01 -4.4709499014e-01
5.0813863928e+01 -4.4712009523e-01
5.0818998716e+01 -4.4714519733e-01
5.0824133504e+01 -4.4717029643e-01
5.0829268293e+01 -4.4719539253e-01
5.0834403081e+01 -4.4722048563e-01
5.0839537869e+01 -4.4724557572e-01
5.0844672657e+01 -4.4727066281e-01
5.0849807445e+01 -4.4729574688e-01
5.0854942234e+01 -4.4732082794e-01
5.0860077022e+01 -4.4734590598e-01
5.0865211810e+01 -4.4737098100e-01
5.0870346598e+01 -4.4739605300e-01
5.0875481386e+01 -4.4742112197e-01
5.0880616175e+01 -4.4744618790e-01
5.0885750963e+01 -4.4747125080e-01
5.0890885751e+01 -4.4749631066e-01
5.0896020539e+01 -4.4752136748e-01
5.0901155327e+01 -4.4754642126e-01
5.0906290116e+01 -4.4757147198e-01
5.0911424904e+01 -4.4759651965e-01
5.0916559692e+01 -4.4762156426e-01
5.0921694480e+01 -4.4764660582e-01
5.0926829268e+01 -4.4767164430e-01
5.0931964056e+01 -4.4769667972e-01
5.0937098845e+01 -4.4772171206e-01
5.0942233633e+01 -4.4774674132e-01
5.0947368421e+01 -4.4777176750e-01
5.0952503209e+01 -4.4779679059e-01
5.0957637997e+01 -4.4782181059e-01
5.0962772786e+01 -4.4784682749e-01
5.0967907574e+01 -4.4787184129e-01
5.0973042362e+01 -4.4789685198e-01
5.0978177150e+01 -4.4792185957e-01
5.0983311938e+01 -4.4794686403e-01
5.0988446727e+01 -4.4797186537e-01
5.0993581515e+01 -4.4799686359e-01
5.0998716303e+01 -4.4802185867e-01
5.1003851091e+01 -4.4804685061e-01
5.1008985879e+01 -4.4807183941e-01
5.1014120668e+01 -4.4809682506e-01
5.1019255456e+01 -4.4812180755e-01
5.1024390244e+01 -4.4814678688e-01
5.1029525032e+01 -4.4817176304e-01
5.1034659820e+01 -4.4819673602e-01
5.1039794608e+01 -4.4822170582e-01
5.1044929397e+01 -4.4824667243e-01
5.1050064185e+01 -4.4827163585e-01
5.1055198973e+01 -4.4829659606e-01
5.1060333761e+01 -4.4832155306e-01
5.1065468549e+01 -4.4834650685e-01
5.1070603338e+01 -4.4837145740e-01
5.1075738126e+01 -4.4839640472e-01
5.1080872914e+01 -4.4842134880e-01
5.1086007702e+01 -4.4844628963e-01
5.1091142490e+01 -4.4847122720e-01
5.1096277279e+01 -4.4849616150e-01
5.1101412067e+01 -4.4852109251e-01
5.1106546855e+01 -4.4854602025e-01
5.1111681643e+01 -4.4857094468e-01
5.1116816431e+01 -4.4859586580e-01
5.1121951220e+01 -4.4862078361e-01
5.1127086008e+01 -4.4864569808e-01
5.1132220796e+01 -4.4867060921e-01
5.1137355584e+01 -4.4869551699e-01
5.1142490372e+01 -4.4872042140e-01
5.1147625160e+01 -4.4874532244e-01
5.1152759949e+01 -4.4877022008e-01
5.1157894737e+01 -4.4879511431e-01
5.1163029525e+01 -4.4882000513e-01
5.1168164313e+01 -4.4884489251e-01
5.1173299101e+01 -4.4886977644e-01
5.1178433890e+01 -4.4889465690e-01
5.1183568678e+01 -4.4891953388e-01
5.1188703466e+01 -4.4894440735e-01
5.1193838254e+01 -4.4896927731e-01
5.1198973042e+01 -4.4899414372e-01
5.1204107831e+01 -4.4901900658e-01
5.1209242619e+01 -4.4904386585e-01
5.1214377407e+01 -4.4906872151e-01
5.1219512195e+01 -4.4909357354e-01
5.1224646983e+01 -4.4911842192e-01
5.1229781771e+01 -4.4914326661e-01
5.1234916560e+01 -4.4916810760e-01
5.1245186136e+01 -4.4921777829e-01
5.1758664955e+01 -4.5168414464e-01
5.2272143774e+01 -4.5412673675e-01
5.2785622593e+01 -4.5654688328e-01
5.3299101412e+01 -4.5894512610e-01
5.3812580231e+01 -4.6132200968e-01
5.4326059050e+01 -4.6367808096e-01
5.4839537869e+01 -4.6601388927e-01
5.5353016688e+01 -4.6832998616e-01
5.5866495507e+01 -4.7062692516e-01
5.6379974326e+01 -4.7290526161e-01
5.6893453145e+01 -4.7516555233e-01
5.7406931964e+01 -4.7740835530e-01
5.7920410783e+01 -4.7963422930e-01
5.8433889602e+01 -4.8184373354e-01
5.8947368421e+01 -4.8403742719e-01
5.9460847240e+01 -4.8621586891e-01
5.9974326059e+01 -4.8837961635e-01
6.0487804878e+01 -4.9052922562e-01
6.1001283697e+01 -4.9266525065e-01
6.1514762516e+01 -4.9478824261e-01
6.2028241335e+01 -4.9689874926e-01
6.2541720154e+01 -4.9899731425e-01
6.3055198973e+01 -5.0108447637e-01
6.3568677792e+01 -5.0316076884e-01
6.4082156611e+01 -5.0522671848e-01
6.4595635430e+01 -5.0728284490e-01
6.5109114249e+01 -5.0932965964e-01
6.5622593068e+01 -5.1136766531e-01
6.6136071887e+01 -5.1339735461e-01
6.6649550706e+01 -5.1541920946e-01
6.7163029525e+01 -5.1743369995e-01
6.7676508344e+01 -5.1944128338e-01
6.8189987163e+01 -5.2145951699e-01
6.8703465982e+01 -5.2348097896e-01
6.9216944801e+01 -5.2549014338e-01
6.9730423620e+01 -5.2748677765e-01
7.0243902439e+01 -5.2947066669e-01
7.0757381258e+01 -5.3144161208e-01
7.1270860077e+01 -5.3339943119e-01
7.1784338896e+01 -5.3534395633e-01
7.2297817715e+01 -5.3727503394e-01
7.2811296534e+01 -5.3919252382e-01
7.3324775353e+01 -5.4109629836e-01
7.3838254172e+01 -5.4298624184e-01
7.4351732991e+01 -5.4486224967e-01
7.4865211810e+01 -5.4672422778e-01
7.5378690629e+01 -5.4857209191e-01
7.5892169448e+01 -5.5040576704e-01
7.6405648267e+01 -5.5222518676e-01
7.6919127086e+01 -5.5403029269e-01
7.7432605905e+01 -5.5582103400e-01
7.7946084724e+01 -5.5759736682e-01
7.8459563543e+01 -5.5935925380e-01
7.8973042362e+01 -5.6110666360e-01
7.9486521181e+01 -5.6283957053e-01
8.0000000000e+01 -5.6455795407e-01
8.0513478819e+01 -5.6625684219e-01
8.1026957638e+01 -5.6793097560e-01
8.1540436457e+01 -5.6958042654e-01
8.2053915276e+01 -5.7120526847e-01
8.2567394095e+01 -5.7280557486e-01
8.3080872914e+01 -5.7438141918e-01
8.3594351733e+01 -5.7593287490e-01
8.4107830552e+01 -5.7746001549e-01
8.4621309371e+01 -5.7896291442e-01
8.5134788190e+01 -5.8044164515e-01
8.5648267009e+01 -5.8189628115e-01
8.6161745828e+01 -5.8332689590e-01
8.6675224647e+01 -5.8473356286e-01
8.7188703466e+01 -5.8611635550e-01
8.7702182285e+01 -5.8747534729e-01
8.8215661104e+01 -5.8881061170e-01
8.8729139923e+01 -5.9012222220e-01
8.9242618742e+01 -5.9141025225e-01
8.9756097561e+01 -5.9267477533e-01
9.0269576380e+01 -5.9391586491e-01
9.0783055199e+01 -5.9513359444e-01
9.1296534018e+01 -5.9632803741e-01
9.1810012837e+01 -5.9749926728e-01
9.2323491656e+01 -5.9864735752e-01
9.2836970475e+01 -5.9977238159e-01
9.3350449294e+01 -6.0087441297e-01
9.3863928113e+01 -6.0195352513e-01
9.4377406932e+01 -6.0300979154e-01
9.4890885751e+01 -6.0404328565e-01
9.5404364570e+01 -6.0505408095e-01
9.5917843389e+01 -6.0604225091e-01
9.6431322208e+01 -6.0700786898e-01
9.6944801027e+01 -6.0795100864e-01
9.7458279846e+01 -6.0887174335e-01
9.7971758665e+01 -6.0977014660e-01
9.8485237484e+01 -6.1064629184e-01
9.8998716303e+01 -6.1150025254e-01
9.9512195122e+01 -6.1233210218e-01
1.0002567394e+02 -6.1314191422e-01
1.0053915276e+02 -6.1392976213e-01
1.0105263158e+02 -6.1469571938e-01
1.0156611040e+02 -6.1543985944e-01
1.0207958922e+02 -6.1616225578e-01
1.0259306804e+02 -6.1686298186e-01
1.0310654685e+02 -6.1754211116e-01
1.0362002567e+02 -6.1819971714e-01
1.0413350449e+02 -6.1883587327e-01
1.0464698331e+02 -6.1945065303e-01
1.0516046213e+02 -6.2004412987e-01
1.0567394095e+02 -6.2061637728e-01
1.0618741977e+02 -6.2116746871e-01
1.0670089859e+02 -6.2169747764e-01
1.0721437741e+02 -6.2220647754e-01
1.0772785623e+02 -6.2269454187e-01
1.0824133504e+02 -6.2316174411e-01
1.0875481386e+02 -6.2360815771e-01
1.0926829268e+02 -6.2403385616e-01
1.0978177150e+02 -6.2443891292e-01
1.1029525032e+02 -6.2482340145e-01
1.1080872914e+02 -6.2518739524e-01
1.1132220796e+02 -6.2553096774e-01
1.1183568678e+02 -6.2585419243e-01
1.1234916560e+02 -6.2615714277e-01
1.1286264442e+02 -6.2643989223e-01
1.1337612323e+02 -6.2670251429e-01
1.1388960205e+02 -6.2694508240e-01
1.1440308087e+02 -6.2716767005e-01
1.1491655969e+02 -6.2737035069e-01
1.1543003851e+02 -6.2755319781e-01
1.1594351733e+02 -6.2771628485e-01
1.1645699615e+02 -6.2785968531e-01
1.1697047497e+02 -6.2798347263e-01
1.1748395379e+02 -6.2808772030e-01
1.1799743261e+02 -6.2817250178e-01
1.1851091142e+02 -6.2823789055e-01
1.1902439024e+02 -6.2828396006e-01
1.1953786906e+02 -6.2831078378e-01
1.2005134788e+02 -6.2831852430e-01
1.2056482670e+02 -6.2831775451e-01
1.2107830552e+02 -6.2831570281e-01
1.2159178434e+02 -6.2831237073e-01
1.2210526316e+02 -6.2830775973e-01
1.2261874198e+02 -6.2830187134e-01
1.2313222080e+02 -6.2829470704e-01
1.2364569962e+02 -6.2828626834e-01
1.2415917843e+02 -6.2827655672e-01
1.2467265725e+02 -6.2826557370e-01
1.2518613607e+02 -6.2825332076e-01
1.2569961489e+02 -6.2823979940e-01
1.2621309371e+02 -6.2822501113e-01
1.2672657253e+02 -6.2820895744e-01
1.2724005135e+02 -6.2819163982e-01
1.2775353017e+02 -6.2817305979e-01
1.2826700899e+02 -6.2815321882e-01
1.2878048781e+02 -6.2813211843e-01
1.2929396662e+02 -6.2810976011e-01
1.2980744544e+02 -6.2808614535e-01
1.3032092426e+02 -6.2806127566e-01
1.3083440308e+02 -6.2803515254e-01
1.3134788190e+02 -6.2800777747e-01
1.3186136072e+02 -6.2797915197e-01
1.3237483954e+02 -6.2794927752e-01
1.3288831836e+02 -6.2791815562e-01
1.3340179718e+02 -6.2788578778e-01
1.3391527600e+02 -6.2785217549e-01
1.3442875481e+02 -6.2781732025e-01
1.3494223363e+02 -6.2778122356e-01
1.3545571245e+02 -6.2774388691e-01
1.3596919127e+02 -6.2770531180e-01
1.3648267009e+02 -6.2766549973e-01
1.3699614891e+02 -6.2762445220e-01
1.3750962773e+02 -6.2758217071e-01
1.3802310655e+02 -6.2753865675e-01
1.3853658537e+02 -6.2749391182e-01
1.3905006419e+02 -6.2744793742e-01
1.3956354300e+02 -6.2740073505e-01
1.4007702182e+02 -6.2735230621e-01
1.4059050064e+02 -6.2730265239e-01
1.4110397946e+02 -6.2725177508e-01
1.4161745828e+02 -6.2719967580e-01
1.4213093710e+02 -6.2714635604e-01
1.4264441592e+02 -6.2709181729e-01
1.4315789474e+02 -6.2703606105e-01
1.4367137356e+02 -6.2697908883e-01
1.4418485238e+02 -6.2692090211e-01
1.4469833119e+02 -6.2686150240e-01
1.4521181001e+02 -6.2680089119e-01
1.4572528883e+02 -6.2673906999e-01
1.4623876765e+02 -6.2667604029e-01
1.4675224647e+02 -6.2661180358e-01
1.4726572529e+02 -6.2654636137e-01
1.4777920411e+02 -6.2647971515e-01
1.4829268293e+02 -6.2641186643e-01
1.4880616175e+02 -6.2634281670e-01
1.4931964057e+02 -6.2627256745e-01
1.4983311938e+02 -6.2620112019e-01
1.5034659820e+02 -6.2612847641e-01
1.5086007702e+02 -6.2605463761e-01
1.5137355584e+02 -6.2597960529e-01
1.5188703466e+02 -6.2590338095e-01
1.5240051348e+02 -6.2582596609e-01
1.5291399230e+02 -6.2574736219e-01
1.5342747112e+02 -6.2566757077e-01
1.5394094994e+02 -6.2558659332e-01
1.5445442876e+02 -6.2550443133e-01
1.5496790757e+02 -6.2542108631e-01
1.5548138639e+02 -6.2533655975e-01
1.5599486521e+02 -6.2525085315e-01
1.5650834403e+02 -6.2516396800e-01
1.5702182285e+02 -6.2507590582e-01
1.5753530167e+02 -6.2498666808e-01
1.5804878049e+02 -6.2489625630e-01
1.5856225931e+02 -6.2480467197e-01
1.5907573813e+02 -6.2471191659e-01
1.5958921695e+02 -6.2461799165e-01
1.5998973042e+02 -6.2454391925e-01
1.5999486521e+02 -6.2454296500e-01
1.6000000000e+02 -6.2454201062e-01
9.9998973043e+02 -2.5670610082e-10
1.0000000000e+03 0.0000000000e+00