1001
4.0000000000e+00 0.0000000000e+00
4.0051347882e+00 7.0840662777e-03
4.0102695764e+00 1.0612676596e-02
4.0154043646e+00 1.3241077598e-02
4.0205391528e+00 1.5436187533e-02
4.0256739409e+00 1.7363131895e-02
4.0308087291e+00 1.9103238532e-02
4.0359435173e+00 2.0703676007e-02
4.0410783055e+00 2.2194683536e-02
4.0462130937e+00 2.3597017774e-02
4.0513478819e+00 2.4925653568e-02
4.0564826701e+00 2.6191812547e-02
4.0616174583e+00 2.7404159485e-02
4.0667522465e+00 2.8569549105e-02
4.0718870347e+00 2.9693514001e-02
4.0770218228e+00 3.0780595542e-02
4.0821566110e+00 3.1834575416e-02
4.0872913992e+00 3.2858642011e-02
4.0924261874e+00 3.3855512715e-02
4.0975609756e+00 3.4827525624e-02
4.1026957638e+00 3.5776709525e-02
4.1078305520e+00 3.6704838108e-02
4.1129653402e+00 3.7613472563e-02
4.1181001284e+00 3.8503995457e-02
4.1232349166e+00 3.9377637974e-02
4.1283697047e+00 4.0235502043e-02
4.1335044929e+00 4.1078578484e-02
4.1386392811e+00 4.1907762003e-02
4.1437740693e+00 4.2723863689e-02
4.1489088575e+00 4.3527621504e-02
4.1540436457e+00 4.4319709130e-02
4.1591784339e+00 4.5100743504e-02
4.1643132221e+00 4.5871291243e-02
4.1694480103e+00 4.6631874172e-02
4.1745827985e+00 4.7382974095e-02
4.1797175866e+00 4.8125036934e-02
4.1848523748e+00 4.8858476329e-02
4.1899871630e+00 4.9583676799e-02
4.1951219512e+00 5.0300996503e-02
4.2002567394e+00 5.1010769687e-02
4.2053915276e+00 5.1713308839e-02
4.2105263158e+00 5.2408906602e-02
4.2156611040e+00 5.3097837481e-02
4.2207958922e+00 5.3780359363e-02
4.2259306804e+00 5.4456714877e-02
4.2310654685e+00 5.5127132616e-02
4.2362002567e+00 5.5791828237e-02
4.2413350449e+00 5.6451005452e-02
4.2464698331e+00 5.7104856922e-02
4.2516046213e+00 5.7753565072e-02
4.2567394095e+00 5.8397302823e-02
4.2618741977e+00 5.9036234268e-02
4.2670089859e+00 5.9670515278e-02
4.2721437741e+00 6.0300294064e-02
4.2772785623e+00 6.0925711683e-02
4.2824133504e+00 6.1546902509e-02
4.2875481386e+00 6.2163994659e-02
4.2926829268e+00 6.2777110392e-02
4.2978177150e+00 6.3386366467e-02
4.3029525032e+00 6.3991874482e-02
4.3080872914e+00 6.4593741182e-02
4.3132220796e+00 6.5192068742e-02
4.3183568678e+00 6.5786955037e-02
4.3234916560e+00 6.6378493884e-02
4.3286264442e+00 6.6966775270e-02
4.3337612323e+00 6.7551885563e-02
4.3388960205e+00 6.8133907713e-02
4.3440308087e+00 6.8712921431e-02
4.3491655969e+00 6.9289003361e-02
4.3543003851e+00 6.9862227241e-02
4.3594351733e+00 7.0432664052e-02
4.3645699615e+00 7.1000382156e-02
4.3697047497e+00 7.1565447429e-02
4.3748395379e+00 7.2127923380e-02
4.3799743261e+00 7.2687871270e-02
4.3851091142e+00 7.3245350218e-02
4.3902439024e+00 7.3800417299e-02
4.3953786906e+00 7.4353127645e-02
4.4005134788e+00 7.4903534532e-02
4.4056482670e+00 7.5451689463e-02
4.4107830552e+00 7.5997642250e-02
4.4159178434e+00 7.6541441087e-02
4.4210526316e+00 7.7083132622e-02
4.4261874198e+00 7.7622762025e-02
4.4313222080e+00 7.8160373050e-02
4.4364569961e+00 7.8696008095e-02
4.4415917843e+00 7.9229708257e-02
4.4467265725e+00 7.9761513391e-02
4.4518613607e+00 8.0291462153e-02
4.4569961489e+00 8.0819592056e-02
4.4621309371e+00 8.1345939512e-02
4.4672657253e+00 8.1870539875e-02
4.4724005135e+00 8.2393427484e-02
4.4775353017e+00 8.2914635701e-02
4.4826700899e+00 8.3434196949e-02
4.4878048780e+00 8.3952142748e-02
4.4929396662e+00 8.4468503749e-02
4.4980744544e+00 8.4983309764e-02
4.5032092426e+00 8.5496589801e-02
4.5083440308e+00 8.6008372087e-02
4.5134788190e+00 8.6518684104e-02
4.5186136072e+00 8.7027552609e-02
4.5237483954e+00 8.7535003662e-02
4.5288831836e+00 8.8041062652e-02
4.5340179718e+00 8.8545754316e-02
4.5391527599e+00 8.9049102766e-02
4.5442875481e+00 8.9551131509e-02
4.5494223363e+00 9.0051863465e-02
4.5545571245e+00 9.0551320988e-02
4.5596919127e+00 9.1049525885e-02
4.5648267009e+00 9.1546499437e-02
4.5699614891e+00 9.2042262409e-02
4.5750962773e+00 9.2536835072e-02
4.5802310655e+00 9.3030237217e-02
4.5853658537e+00 9.3522488173e-02
4.5905006418e+00 9.4013606815e-02
4.5956354300e+00 9.4503611585e-02
4.6007702182e+00 9.4992520502e-02
4.6059050064e+00 9.5480351176e-02
4.6110397946e+00 9.5967120817e-02
4.6161745828e+00 9.6452846254e-02
4.6213093710e+00 9.6937543939e-02
4.6264441592e+00 9.7421229964e-02
4.6315789474e+00 9.7903920067e-02
4.6367137356e+00 9.8385629645e-02
4.6418485237e+00 9.8866373764e-02
4.6469833119e+00 9.9346167167e-02
4.6521181001e+00 9.9825024283e-02
4.6572528883e+00 1.0030295924e-01
4.6623876765e+00 1.0077998586e-01
4.6675224647e+00 1.0125611770e-01
4.6726572529e+00 1.0173136801e-01
4.6777920411e+00 1.0220574978e-01
4.6829268293e+00 1.0267927575e-01
4.6880616175e+00 1.0315195838e-01
4.6931964056e+00 1.0362380989e-01
4.6983311938e+00 1.0409484225e-01
4.7034659820e+00 1.0456506720e-01
4.7086007702e+00 1.0503449625e-01
4.7137355584e+00 1.0550314068e-01
4.7188703466e+00 1.0597101156e-01
4.7240051348e+00 1.0643811972e-01
4.7291399230e+00 1.0690447581e-01
4.7342747112e+00 1.0737009027e-01
4.7394094994e+00 1.0783497333e-01
4.7445442875e+00 1.0829913504e-01
4.7496790757e+00 1.0876258527e-01
4.7548138639e+00 1.0922533369e-01
4.7599486521e+00 1.0968738978e-01
4.7650834403e+00 1.1014876288e-01
4.7702182285e+00 1.1060946214e-01
4.7753530167e+00 1.1106949653e-01
4.7804878049e+00 1.1152887489e-01
4.7856225931e+00 1.1198760588e-01
4.7907573813e+00 1.1244569800e-01
4.7958921694e+00 1.1290315962e-01
4.8010269576e+00 1.1335999895e-01
4.8061617458e+00 1.1381622405e-01
4.8112965340e+00 1.1427184285e-01
4.8164313222e+00 1.1472686314e-01
4.8215661104e+00 1.1518129257e-01
4.8267008986e+00 1.1563513867e-01
4.8318356868e+00 1.1608840882e-01
4.8369704750e+00 1.1654111031e-01
4.8421052632e+00 1.1699325026e-01
4.8472400513e+00 1.1744483572e-01
4.8523748395e+00 1.1789587358e-01
4.8575096277e+00 1.1834637065e-01
4.8626444159e+00 1.1879633359e-01
4.8677792041e+00 1.1924576899e-01
4.8729139923e+00 1.1969468331e-01
4.8780487805e+00 1.2014308290e-01
4.8831835687e+00 1.2059097401e-01
4.8883183569e+00 1.2103836281e-01
4.8934531451e+00 1.2148525535e-01
4.8985879332e+00 1.2193165758e-01
4.9037227214e+00 1.2237757537e-01
4.9088575096e+00 1.2282301449e-01
4.9139922978e+00 1.2326798063e-01
4.9191270860e+00 1.2371247936e-01
4.9242618742e+00 1.2415651619e-01
4.9293966624e+00 1.2460009655e-01
4.9345314506e+00 1.2504322576e-01
4.9396662388e+00 1.2548590909e-01
4.9448010270e+00 1.2592815169e-01
4.9499358151e+00 1.2636995867e-01
4.9550706033e+00 1.2681133503e-01
4.9602053915e+00 1.2725228572e-01
4.9653401797e+00 1.2769281561e-01
4.9704749679e+00 1.2813292948e-01
4.9756097561e+00 1.2857263206e-01
4.9807445443e+00 1.2901192800e-01
4.9858793325e+00 1.2945082188e-01
4.9910141207e+00 1.2988931822e-01
4.9961489089e+00 1.3032742145e-01
5.0012836970e+00 1.3076513598e-01
5.0064184852e+00 1.3120246611e-01
5.0115532734e+00 1.3163941610e-01
5.0166880616e+00 1.3207599016e-01
5.0218228498e+00 1.3251219241e-01
5.0320924262e+00 1.3338349774e-01
5.5455712452e+00 1.7559756957e-01
6.0590500642e+00 2.1630901559e-01
6.5725288832e+00 2.5630811797e-01
7.0860077022e+00 2.9586504376e-01
7.5994865212e+00 3.3504933526e-01
8.1129653402e+00 3.7384121607e-01
8.6264441592e+00 4.1217952980e-01
9.1399229782e+00 4.4998555791e-01
9.6534017972e+00 4.8717607239e-01
1.0166880616e+01 5.2367092123e-01
1.0680359435e+01 5.5939751169e-01
1.1193838254e+01 5.9429336463e-01
1.1707317073e+01 6.2830738708e-01
1.2220795892e+01 6.6140025988e-01
1.2734274711e+01 6.9354420908e-01
1.3247753530e+01 7.2472235647e-01
1.3761232349e+01 7.5492779788e-01
1.4274711168e+01 7.8416252376e-01
1.4788189987e+01 8.1243626985e-01
1.5301668806e+01 8.3976536340e-01
1.5815147625e+01 8.6617161211e-01
1.6328626444e+01 8.9168126769e-01
1.6842105263e+01 9.1632408356e-01
1.7355584082e+01 9.4013247691e-01
1.7869062901e+01 9.6314079784e-01
1.8382541720e+01 9.8538470342e-01
1.8896020539e+01 1.0069006310e+00
1.9409499358e+01 1.0277253628e+00
1.9922978177e+01 1.0478956729e+00
2.0436456996e+01 1.0674480469e+00
2.0949935815e+01 1.0864184660e+00
2.1463414634e+01 1.1048422456e+00
2.1976893453e+01 1.1227539210e+00
2.2490372272e+01 1.1401871729e+00
2.3003851091e+01 1.1571747870e+00
2.3517329910e+01 1.1737486410e+00
2.4030808729e+01 1.1899397154e+00
2.4544287548e+01 1.2057781236e+00
2.5057766367e+01 1.2212931591e+00
2.5571245186e+01 1.2365133558e+00
2.6084724005e+01 1.2514665606e+00
2.6598202824e+01 1.2661800166e+00
2.7111681643e+01 1.2806804556e+00
2.7625160462e+01 1.2949941999e+00
2.8138639281e+01 1.3091472726e+00
2.8652118100e+01 1.3231655176e+00
2.9165596919e+01 1.3370747290e+00
2.9679075738e+01 1.3509007913e+00
3.0192554557e+01 1.3646698328e+00
3.0706033376e+01 1.3784083923e+00
3.1219512195e+01 1.3921436032e+00
3.1732991014e+01 1.4059033970e+00
3.2246469833e+01 1.4197167313e+00
3.2759948652e+01 1.4336138449e+00
3.3273427471e+01 1.4476265479e+00
3.3786906290e+01 1.4617885519e+00
3.4300385109e+01 1.4761358508e+00
3.4813863928e+01 1.4907071605e+00
3.5327342747e+01 1.5055444332e+00
3.5840821566e+01 1.5206934603e+00
3.6354300385e+01 1.5362045866e+00
3.6867779204e+01 1.5521335604e+00
3.7381258023e+01 1.5685425533e+00
3.7894736842e+01 1.5855013914e+00
3.8408215661e+01 1.6030890531e+00
3.8921694480e+01 1.6213955036e+00
3.9435173299e+01 1.6405239587e+00
3.9948652118e+01 1.6605937001e+00
4.0462130937e+01 1.6817436039e+00
4.0975609756e+01 1.7041366005e+00
4.1489088575e+01 1.7279653591e+00
4.2002567394e+01 1.7534596000e+00
4.2516046213e+01 1.7808955865e+00
4.3029525032e+01 1.8106085683e+00
4.3543003851e+01 1.8430092524e+00
4.4056482670e+01 1.8786058270e+00
4.4569961489e+01 1.9180337028e+00
4.5083440308e+01 1.9620960597e+00
4.5596919127e+01 2.0118196120e+00
4.6110397946e+01 2.0685318775e+00
4.6623876765e+01 2.1339688912e+00
4.7137355584e+01 2.2104262513e+00
4.7650834403e+01 2.3009737945e+00
4.8164313222e+01 2.4097763018e+00
4.8677792041e+01 2.5426622900e+00
4.8682926829e+01 2.5441390244e+00
4.8688061617e+01 2.5456190185e+00
4.8693196406e+01 2.5471022835e+00
4.8698331194e+01 2.5485888308e+00
4.8703465982e+01 2.5500786717e+00
4.8708600770e+01 2.5515718175e+00
4.8713735558e+01 2.5530682799e+00
4.8718870347e+01 2.5545680705e+00
4.8724005135e+01 2.5560712008e+00
4.8729139923e+01 2.5575776825e+00
4.8734274711e+01 2.5590875276e+00
4.8739409499e+01 2.5606007480e+00
4.8744544288e+01 2.5621173554e+00
4.8749679076e+01 2.5636373622e+00
4.8754813864e+01 2.5651607803e+00
4.8759948652e+01 2.5666876219e+00
4.8765083440e+01 2.5682178995e+00
4.8770218228e+01 2.5697516254e+00
4.8775353017e+01 2.5712888120e+00
4.8780487805e+01 2.5728294719e+00
4.8785622593e+01 2.5743736178e+00
4.8790757381e+01 2.5759212625e+00
4.8795892169e+01 2.5774724187e+00
4.8801026958e+01 2.5790270995e+00
4.8806161746e+01 2.5805853177e+00
4.8811296534e+01 2.5821470867e+00
4.8816431322e+01 2.5837124195e+00
4.8821566110e+01 2.5852813295e+00
4.8826700899e+01 2.5868538301e+00
4.8831835687e+01 2.5884299349e+00
4.8836970475e+01 2.5900096575e+00
4.8842105263e+01 2.5915930115e+00
4.8847240051e+01 2.5931800109e+00
4.8852374840e+01 2.5947706696e+00
4.8857509628e+01 2.5963650017e+00
4.8862644416e+01 2.5979630213e+00
4.8867779204e+01 2.5995647427e+00
4.8872913992e+01 2.6011701804e+00
4.8878048780e+01 2.6027793487e+00
4.8883183569e+01 2.6043922624e+00
4.8888318357e+01 2.6060089363e+00
4.8893453145e+01 2.6076293851e+00
4.8898587933e+01 2.6092536240e+00
4.8903722721e+01 2.6108816680e+00
4.8908857510e+01 2.6125135324e+00
4.8913992298e+01 2.6141492326e+00
4.8919127086e+01 2.6157887841e+00
4.8924261874e+01 2.6174322026e+00
4.8929396662e+01 2.6190795038e+00
4.8934531451e+01 2.6207307038e+00
4.8939666239e+01 2.6223858186e+00
4.8944801027e+01 2.6240448643e+00
4.8949935815e+01 2.6257078575e+00
4.8955070603e+01 2.6273748146e+00
4.8960205392e+01 2.6290457522e+00
4.8965340180e+01 2.6307206872e+00
4.8970474968e+01 2.6323996367e+00
4.8975609756e+01 2.6340826177e+00
4.8980744544e+01 2.6357696475e+00
4.8985879332e+01 2.6374607436e+00
4.8991014121e+01 2.6391559237e+00
4.8996148909e+01 2.6408552055e+00
4.9001283697e+01 2.6425586071e+00
4.9006418485e+01 2.6442661467e+00
4.9011553273e+01 2.6459778425e+00
4.9016688062e+01 2.6476937130e+00
4.9021822850e+01 2.6494137772e+00
4.9026957638e+01 2.6511380537e+00
4.9032092426e+01 2.6528665618e+00
4.9037227214e+01 2.6545993206e+00
4.9042362003e+01 2.6563363499e+00
4.9047496791e+01 2.6580776691e+00
4.9052631579e+01 2.6598232984e+00
4.9057766367e+01 2.6615732577e+00
4.9062901155e+01 2.6633275675e+00
4.9068035944e+01 2.6650862483e+00
4.9073170732e+01 2.6668493209e+00
4.9078305520e+01 2.6686168063e+00
4.9083440308e+01 2.6703887258e+00
4.9088575096e+01 2.6721651010e+00
4.9093709884e+01 2.6739459535e+00
4.9098844673e+01 2.6757313053e+00
4.9103979461e+01 2.6775211787e+00
4.9109114249e+01 2.6793155962e+00
4.9114249037e+01 2.6811145806e+00
4.9119383825e+01 2.6829181548e+00
4.9124518614e+01 2.6847263423e+00
4.9129653402e+01 2.6865391666e+00
4.9134788190e+01 2.6883566516e+00
4.9139922978e+01 2.6901788215e+00
4.9145057766e+01 2.6920057007e+00
4.9150192555e+01 2.6938373140e+00
4.9155327343e+01 2.6956736865e+00
4.9160462131e+01 2.6975148436e+00
4.9165596919e+01 2.6993608110e+00
4.9170731707e+01 2.7012116148e+00
4.9175866496e+01 2.7030672814e+00
4.9181001284e+01 2.7049278375e+00
4.9186136072e+01 2.7067933102e+00
4.9191270860e+01 2.7086637269e+00
4.9196405648e+01 2.7105391156e+00
4.9201540436e+01 2.7124195043e+00
4.9206675225e+01 2.7143049217e+00
4.9211810013e+01 2.7161953967e+00
4.9216944801e+01 2.7180909588e+00
4.9222079589e+01 2.7199916376e+00
4.9227214377e+01 2.7218974635e+00
4.9232349166e+01 2.7238084670e+00
4.9237483954e+01 2.7257246792e+00
4.9242618742e+01 2.7276461317e+00
4.9247753530e+01 2.7295728565e+00
4.9252888318e+01 2.7315048860e+00
4.9258023107e+01 2.7334422531e+00
4.9263157895e+01 2.7353849913e+00
4.9268292683e+01 2.7373331346e+00
4.9273427471e+01 2.7392867173e+00
4.9278562259e+01 2.7412457746e+00
4.9283697047e+01 2.7432103418e+00
4.9288831836e+01 2.7451804552e+00
4.9293966624e+01 2.7471561514e+00
4.9299101412e+01 2.7491374676e+00
4.9304236200e+01 2.7511244417e+00
4.9309370988e+01 2.7531171120e+00
4.9314505777e+01 2.7551155179e+00
4.9319640565e+01 2.7571196988e+00
4.9324775353e+01 2.7591296953e+00
4.9329910141e+01 2.7611455484e+00
4.9335044929e+01 2.7631672999e+00
4.9340179718e+01 2.7651949923e+00
4.9345314506e+01 2.7672286687e+00
4.9350449294e+01 2.7692683732e+00
4.9355584082e+01 2.7713141505e+00
4.9360718870e+01 2.7733660461e+00
4.9365853659e+01 2.7754241064e+00
4.9370988447e+01 2.7774883786e+00
4.9376123235e+01 2.7795589107e+00
4.9381258023e+01 2.7816357516e+00
4.9386392811e+01 2.7837189513e+00
4.9391527599e+01 2.7858085603e+00
4.9396662388e+01 2.7879046306e+00
4.9401797176e+01 2.7900072147e+00
4.9406931964e+01 2.7921163665e+00
4.9412066752e+01 2.7942321407e+00
4.9417201540e+01 2.7963545931e+00
4.9422336329e+01 2.7984837807e+00
4.9427471117e+01 2.8006197617e+00
4.9432605905e+01 2.8027625951e+00
4.9437740693e+01 2.8049123417e+00
4.9442875481e+01 2.8070690629e+00
4.9448010270e+01 2.8092328219e+00
4.9453145058e+01 2.8114036830e+00
4.9458279846e+01 2.8135817117e+00
4.9463414634e+01 2.8157669753e+00
4.9468549422e+01 2.8179595422e+00
4.9473684211e+01 2.8201594824e+00
4.9478818999e+01 2.8223668676e+00
4.9483953787e+01 2.8245817707e+00
4.9489088575e+01 2.8268042667e+00
4.9494223363e+01 2.8290344320e+00
4.9499358151e+01 2.8312723448e+00
4.9504492940e+01 2.8335180852e+00
4.9509627728e+01 2.8357717351e+00
4.9514762516e+01 2.8380333783e+00
4.9519897304e+01 2.8403031006e+00
4.9525032092e+01 2.8425809900e+00
4.9530166881e+01 2.8448671364e+00
4.9535301669e+01 2.8471616322e+00
4.9540436457e+01 2.8494645720e+00
4.9545571245e+01 2.8517760525e+00
4.9550706033e+01 2.8540961732e+00
4.9555840822e+01 2.8564250360e+00
4.9560975610e+01 2.8587627455e+00
4.9566110398e+01 2.8611094090e+00
4.9571245186e+01 2.8634651367e+00
4.9576379974e+01 2.8658300416e+00
4.9581514763e+01 2.8682042399e+00
4.9586649551e+01 2.8705878511e+00
4.9591784339e+01 2.8729809976e+00
4.9596919127e+01 2.8753838057e+00
4.9602053915e+01 2.8777964050e+00
4.9607188703e+01 2.8802189288e+00
4.9612323492e+01 2.8826515146e+00
4.9617458280e+01 2.8850943034e+00
4.9622593068e+01 2.8875474409e+00
4.9627727856e+01 2.8900110769e+00
4.9632862644e+01 2.8924853658e+00
4.9637997433e+01 2.8949704668e+00
4.9643132221e+01 2.8974665441e+00
4.9648267009e+01 2.8999737670e+00
4.9653401797e+01 2.9024923102e+00
4.9658536585e+01 2.9050223542e+00
4.9663671374e+01 2.9075640853e+00
4.9668806162e+01 2.9101176962e+00
4.9673940950e+01 2.9126833857e+00
4.9679075738e+01 2.9152613598e+00
4.9684210526e+01 2.9178518314e+00
4.9689345315e+01 2.9204550210e+00
4.9694480103e+01 2.9230711568e+00
4.9699614891e+01 2.9257004754e+00
4.9704749679e+01 2.9283432221e+00
4.9709884467e+01 2.9309996511e+00
4.9715019255e+01 2.9336700263e+00
4.9720154044e+01 2.9363546218e+00
4.9725288832e+01 2.9390537222e+00
4.9730423620e+01 2.9417676234e+00
4.9735558408e+01 2.9444966332e+00
4.9740693196e+01 2.9472410718e+00
4.9745827985e+01 2.9500012728e+00
4.9750962773e+01 2.9527775837e+00
4.9756097561e+01 2.9555703670e+00
4.9761232349e+01 2.9583800008e+00
4.9766367137e+01 2.9612068800e+00
4.9771501926e+01 2.9640514174e+00
4.9776636714e+01 2.9669140445e+00
4.9781771502e+01 2.9697952129e+00
4.9786906290e+01 2.9726953959e+00
4.9792041078e+01 2.9756150896e+00
4.9797175866e+01 2.9785548143e+00
4.9802310655e+01 2.9815151169e+00
4.9807445443e+01 2.9844965720e+00
4.9812580231e+01 2.9874997845e+00
4.9817715019e+01 2.9905253916e+00
4.9822849807e+01 2.9935740651e+00
4.9827984596e+01 2.9966465143e+00
4.9833119384e+01 2.9997434891e+00
4.9838254172e+01 3.0028657830e+00
4.9843388960e+01 3.0060142367e+00
4.9848523748e+01 3.0091897425e+00
4.9853658537e+01 3.0123932481e+00
4.9858793325e+01 3.0156257625e+00
4.9863928113e+01 3.0188883607e+00
4.9869062901e+01 3.0221821903e+00
4.9874197689e+01 3.0255084785e+00
4.9879332478e+01 3.0288685401e+00
4.9884467266e+01 3.0322637862e+00
4.9889602054e+01 3.0356957344e+00
4.9894736842e+01 3.0391660205e+00
4.9899871630e+01 3.0426764112e+00
4.9905006418e+01 3.0462288202e+00
4.9910141207e+01 3.0498253245e+00
4.9915275995e+01 3.0534681856e+00
4.9920410783e+01 3.0571598727e+00
4.9925545571e+01 3.0609030900e+00
4.9930680359e+01 3.0647008098e+00
4.9935815148e+01 3.0685563105e+00
4.9940949936e+01 3.0724732226e+00
4.9946084724e+01 3.0764555841e+00
4.9951219512e+01 3.0805079068e+00
4.9956354300e+01 3.0846352579e+00
4.9961489089e+01 3.0888433606e+00
4.9966623877e+01 3.0931387187e+00
4.9971758665e+01 3.0975287741e+00
4.9976893453e+01 3.1020221069e+00
4.9982028241e+01 3.1066286953e+00
4.9987163030e+01 3.1113602551e+00
4.9992297818e+01 3.1162306949e+00
4.9997432606e+01 3.1212567358e+00
5.0002567394e+01 3.1264587773e+00
5.0007702182e+01 3.1318621379e+00
5.0012836970e+01 3.1374988929e+00
5.0017971759e+01 3.1434107004e+00
5.0023106547e+01 3.1496533579e+00
5.0028241335e+01 3.1563045897e+00
5.0033376123e+01 3.1634784044e+00
5.0038510911e+01 3.1713544132e+00
5.0043645700e+01 3.1802471702e+00
5.0048780488e+01 3.1908135575e+00
5.0053915276e+01 3.2050471662e+00
5.0059050064e+01 3.2291710592e+00
5.0064184852e+01 3.2301443872e+00
5.0069319641e+01 3.2311190647e+00
5.0074454429e+01 3.2320950902e+00
5.0079589217e+01 3.2330724622e+00
5.0084724005e+01 3.2340511793e+00
5.0089858793e+01 3.2350312398e+00
5.0094993582e+01 3.2360126421e+00
5.0100128370e+01 3.2369953847e+00
5.0105263158e+01 3.2379794658e+00
5.0110397946e+01 3.2389648837e+00
5.0115532734e+01 3.2399516366e+00
5.0120667522e+01 3.2409397227e+00
5.0125802311e+01 3.2419291402e+00
5.0130937099e+01 3.2429198872e+00
5.0136071887e+01 3.2439119618e+00
5.0141206675e+01 3.2449053620e+00
5.0146341463e+01 3.2459000858e+00
5.0151476252e+01 3.2468961311e+00
5.0156611040e+01 3.2478934958e+00
5.0161745828e+01 3.2488921778e+00
5.0166880616e+01 3.2498921750e+00
5.0172015404e+01 3.2508934851e+00
5.0177150193e+01 3.2518961058e+00
5.0182284981e+01 3.2529000349e+00
5.0187419769e+01 3.2539052699e+00
5.0192554557e+01 3.2549118086e+00
5.0197689345e+01 3.2559196484e+00
5.0202824133e+01 3.2569287870e+00
5.0207958922e+01 3.2579392217e+00
5.0213093710e+01 3.2589509500e+00
5.0218228498e+01 3.2599639694e+00
5.0223363286e+01 3.2609782771e+00
5.0228498074e+01 3.2619938705e+00
5.0233632863e+01 3.2630107469e+00
5.0238767651e+01 3.2640289034e+00
5.0243902439e+01 3.2650483373e+00
5.0249037227e+01 3.2660690456e+00
5.0254172015e+01 3.2670910255e+00
5.0259306804e+01 3.2681142740e+00
5.0264441592e+01 3.2691387881e+00
5.0269576380e+01 3.2701645648e+00
5.0274711168e+01 3.2711916010e+00
5.0279845956e+01 3.2722198935e+00
5.0284980745e+01 3.2732494392e+00
5.0290115533e+01 3.2742802349e+00
5.0295250321e+01 3.2753122772e+00
5.0300385109e+01 3.2763455630e+00
5.0305519897e+01 3.2773800887e+00
5.0310654685e+01 3.2784158511e+00
5.0315789474e+01 3.2794528466e+00
5.0320924262e+01 3.2804910719e+00
5.0326059050e+01 3.2815305233e+00
5.0331193838e+01 3.2825711972e+00
5.0336328626e+01 3.2836130902e+00
5.0341463415e+01 3.2846561984e+00
5.0346598203e+01 3.2857005181e+00
5.0351732991e+01 3.2867460457e+00
5.0356867779e+01 3.2877927772e+00
5.0362002567e+01 3.2888407089e+00
5.0367137356e+01 3.2898898369e+00
5.0372272144e+01 3.2909401572e+00
5.0377406932e+01 3.2919916657e+00
5.0382541720e+01 3.2930443586e+00
5.0387676508e+01 3.2940982317e+00
5.0392811297e+01 3.2951532808e+00
5.0397946085e+01 3.2962095019e+00
5.0403080873e+01 3.2972668906e+00
5.0408215661e+01 3.2983254428e+00
5.0413350449e+01 3.2993851541e+00
5.0418485237e+01 3.3004460202e+00
5.0423620026e+01 3.3015080367e+00
5.0428754814e+01 3.3025711991e+00
5.0433889602e+01 3.3036355030e+00
5.0439024390e+01 3.3047009438e+00
5.0444159178e+01 3.3057675169e+00
5.0449293967e+01 3.3068352178e+00
5.0454428755e+01 3.3079040417e+00
5.0459563543e+01 3.3089739839e+00
5.0464698331e+01 3.3100450397e+00
5.0469833119e+01 3.3111172043e+00
5.0474967908e+01 3.3121904728e+00
5.0480102696e+01 3.3132648403e+00
5.0485237484e+01 3.3143403019e+00
5.0490372272e+01 3.3154168527e+00
5.0495507060e+01 3.3164944874e+00
5.0500641849e+01 3.3175732012e+00
5.0505776637e+01 3.3186529889e+00
5.0510911425e+01 3.3197338453e+00
5.0516046213e+01 3.3208157652e+00
5.0521181001e+01 3.3218987433e+00
5.0526315789e+01 3.3229827745e+00
5.0531450578e+01 3.3240678532e+00
5.0536585366e+01 3.3251539742e+00
5.0541720154e+01 3.3262411320e+00
5.0546854942e+01 3.3273293211e+00
5.0551989730e+01 3.3284185360e+00
5.0557124519e+01 3.3295087712e+00
5.0562259307e+01 3.3306000211e+00
5.0567394095e+01 3.3316922800e+00
5.0572528883e+01 3.3327855422e+00
5.0577663671e+01 3.3338798019e+00
5.0582798460e+01 3.3349750535e+00
5.0587933248e+01 3.3360712911e+00
5.0593068036e+01 3.3371685088e+00
5.0598202824e+01 3.3382667007e+00
5.0603337612e+01 3.3393658609e+00
5.0608472401e+01 3.3404659834e+00
5.0613607189e+01 3.3415670622e+00
5.0618741977e+01 3.3426690911e+00
5.0623876765e+01 3.3437720641e+00
5.0629011553e+01 3.3448759751e+00
5.0634146341e+01 3.3459808177e+00
5.0639281130e+01 3.3470865858e+00
5.0644415918e+01 3.3481932732e+00
5.0649550706e+01 3.3493008734e+00
5.0654685494e+01 3.3504093801e+00
5.0659820282e+01 3.3515187869e+00
5.0664955071e+01 3.3526290874e+00
5.0670089859e+01 3.3537402752e+00
5.0675224647e+01 3.3548523435e+00
5.0680359435e+01 3.3559652861e+00
5.0685494223e+01 3.3570790961e+00
5.0690629012e+01 3.3581937670e+00
5.0695763800e+01 3.3593092921e+00
5.0700898588e+01 3.3604256646e+00
5.0706033376e+01 3.3615428779e+00
5.0711168164e+01 3.3626609252e+00
5.0716302952e+01 3.3637797995e+00
5.0721437741e+01 3.3648994941e+00
5.0726572529e+01 3.3660200020e+00
5.0731707317e+01 3.3671413163e+00
5.0736842105e+01 3.3682634300e+00
5.0741976893e+01 3.3693863361e+00
5.0747111682e+01 3.3705100276e+00
5.0752246470e+01 3.3716344973e+00
5.0757381258e+01 3.3727597381e+00
5.0762516046e+01 3.3738857429e+00
5.0767650834e+01 3.3750125045e+00
5.0772785623e+01 3.3761400157e+00
5.0777920411e+01 3.3772682691e+00
5.0783055199e+01 3.3783972575e+00
5.0788189987e+01 3.3795269736e+00
5.0793324775e+01 3.3806574099e+00
5.0798459564e+01 3.3817885592e+00
5.0803594352e+01 3.3829204139e+00
5.0808729140e+01 3.3840529666e+00
5.0813863928e+01 3.3851862099e+00
5.0818998716e+01 3.3863201360e+00
5.0824133504e+01 3.3874547377e+00
5.0829268293e+01 3.3885900071e+00
5.0834403081e+01 3.3897259367e+00
5.0839537869e+01 3.3908625189e+00
5.0844672657e+01 3.3919997459e+00
5.0849807445e+01 3.3931376101e+00
5.0854942234e+01 3.3942761037e+00
5.0860077022e+01 3.3954152189e+00
5.0865211810e+01 3.3965549479e+00
5.0870346598e+01 3.3976952830e+00
5.0875481386e+01 3.3988362162e+00
5.0880616175e+01 3.3999777396e+00
5.0885750963e+01 3.4011198454e+00
5.0890885751e+01 3.4022625256e+00
5.0896020539e+01 3.4034057722e+00
5.0901155327e+01 3.4045495773e+00
5.0906290116e+01 3.4056939328e+00
5.0911424904e+01 3.4068388307e+00
5.0916559692e+01 3.4079842628e+00
5.0921694480e+01 3.4091302212e+00
5.0926829268e+01 3.4102766977e+00
5.0931964056e+01 3.4114236841e+00
5.0937098845e+01 3.4125711723e+00
5.0942233633e+01 3.4137191540e+00
5.0947368421e+01 3.4148676212e+00
5.0952503209e+01 3.4160165655e+00
5.0957637997e+01 3.4171659786e+00
5.0962772786e+01 3.4183158524e+00
5.0967907574e+01 3.4194661784e+00
5.0973042362e+01 3.4206169485e+00
5.0978177150e+01 3.4217681541e+00
5.0983311938e+01 3.4229197871e+00
5.0988446727e+01 3.4240718389e+00
5.0993581515e+01 3.4252243012e+00
5.0998716303e+01 3.4263771656e+00
5.1003851091e+01 3.4275304236e+00
5.1008985879e+01 3.4286840667e+00
5.1014120668e+01 3.4298380866e+00
5.1019255456e+01 3.4309924747e+00
5.1024390244e+01 3.4321472225e+00
5.1029525032e+01 3.4333023214e+00
5.1034659820e+01 3.4344577630e+00
5.1039794608e+01 3.4356135387e+00
5.1044929397e+01 3.4367696399e+00
5.1050064185e+01 3.4379260581e+00
5.1055198973e+01 3.4390827846e+00
5.1060333761e+01 3.4402398108e+00
5.1065468549e+01 3.4413971281e+00
5.1070603338e+01 3.4425547278e+00
5.1075738126e+01 3.4437126014e+00
5.1080872914e+01 3.4448707402e+00
5.1086007702e+01 3.4460291354e+00
5.1091142490e+01 3.4471877784e+00
5.1096277279e+01 3.4483466606e+00
5.1101412067e+01 3.4495057731e+00
5.1106546855e+01 3.4506651073e+00
5.1111681643e+01 3.4518246545e+00
5.1116816431e+01 3.4529844060e+00
5.1121951220e+01 3.4541443530e+00
5.1127086008e+01 3.4553044867e+00
5.1132220796e+01 3.4564647984e+00
5.1137355584e+01 3.4576252793e+00
5.1142490372e+01 3.4587859208e+00
5.1147625160e+01 3.4599467139e+00
5.1152759949e+01 3.4611076500e+00
5.1157894737e+01 3.4622687202e+00
5.1163029525e+01 3.4634299158e+00
5.1168164313e+01 3.4645912280e+00
5.1173299101e+01 3.4657526479e+00
5.1178433890e+01 3.4669141668e+00
5.1183568678e+01 3.4680757759e+00
5.1188703466e+01 3.4692374663e+00
5.1193838254e+01 3.4703992294e+00
5.1198973042e+01 3.4715610562e+00
5.1204107831e+01 3.4727229379e+00
5.1209242619e+01 3.4738848658e+00
5.1214377407e+01 3.4750468311e+00
5.1219512195e+01 3.4762088249e+00
5.1224646983e+01 3.4773708384e+00
5.1229781771e+01 3.4785328629e+00
5.1234916560e+01 3.4796948895e+00
5.1245186136e+01 3.4820189139e+00
5.1758664955e+01 3.5966822915e+00
5.2272143774e+01 3.7034632904e+00
5.2785622593e+01 3.7978228863e+00
5.3299101412e+01 3.8786808462e+00
5.3812580231e+01 3.9471218869e+00
5.4326059050e+01 4.0050641485e+00
5.4839537869e+01 4.0544821586e+00
5.5353016688e+01 4.0970923112e+00
5.5866495507e+01 4.1342828202e+00
5.6379974326e+01 4.1671417291e+00
5.6893453145e+01 4.1965121620e+00
5.7406931964e+01 4.2230469141e+00
5.7920410783e+01 4.2472538798e+00
5.8433889602e+01 4.2695313511e+00
5.8947368421e+01 4.2901946379e+00
5.9460847240e+01 4.3094959068e+00
5.9974326059e+01 4.3276389332e+00
6.0487804878e+01 4.3447901011e+00
6.1001283697e+01 4.3610866550e+00
6.1514762516e+01 4.3766429350e+00
6.2028241335e+01 4.3915551293e+00
6.2541720154e+01 4.4059049276e+00
6.3055198973e+01 4.4197623560e+00
6.3568677792e+01 4.4331879960e+00
6.4082156611e+01 4.4462347380e+00
6.4595635430e+01 4.4589491788e+00
6.5109114249e+01 4.4713727454e+00
6.5622593068e+01 4.4835426079e+00
6.6136071887e+01 4.4954924266e+00
6.6649550706e+01 4.5072529700e+00
6.7163029525e+01 4.5188526305e+00
6.7676508344e+01 4.5303178596e+00
6.8189987163e+01 4.5417552403e+00
6.8703465982e+01 4.5531752518e+00
6.9216944801e+01 4.5645173022e+00
6.9730423620e+01 4.5757840916e+00
7.0243902439e+01 4.5869783340e+00
7.0757381258e+01 4.5981027431e+00
7.1270860077e+01 4.6091600205e+00
7.1784338896e+01 4.6201528447e+00
7.2297817715e+01 4.6310838613e+00
7.2811296534e+01 4.6419556746e+00
7.3324775353e+01 4.6527708404e+00
7.3838254172e+01 4.6635318591e+00
7.4351732991e+01 4.6742411712e+00
7.4865211810e+01 4.6849011526e+00
7.5378690629e+01 4.6955141116e+00
7.5892169448e+01 4.7060822863e+00
7.6405648267e+01 4.7166078439e+00
7.6919127086e+01 4.7270928794e+00
7.7432605905e+01 4.7375394164e+00
7.7946084724e+01 4.7479494084e+00
7.8459563543e+01 4.7583247399e+00
7.8973042362e+01 4.7686672299e+00
7.9486521181e+01 4.7789786344e+00
8.0000000000e+01 4.7892606507e+00
8.0513478819e+01 4.7995149220e+00
8.1026957638e+01 4.8097430421e+00
8.1540436457e+01 4.8199465611e+00
8.2053915276e+01 4.8301269918e+00
8.2567394095e+01 4.8402858155e+00
8.3080872914e+01 4.8504244898e+00
8.3594351733e+01 4.8605444549e+00
8.4107830552e+01 4.8706471423e+00
8.4621309371e+01 4.8807339816e+00
8.5134788190e+01 4.8908064096e+00
8.5648267009e+01 4.9008658779e+00
8.6161745828e+01 4.9109138623e+00
8.6675224647e+01 4.9209518704e+00
8.7188703466e+01 4.9309814516e+00
8.7702182285e+01 4.9410042047e+00
8.8215661104e+01 4.9510217879e+00
8.8729139923e+01 4.9610359270e+00
8.9242618742e+01 4.9710484242e+00
8.9756097561e+01 4.9810611671e+00
9.0269576380e+01 4.9910761372e+00
9.0783055199e+01 5.0010954180e+00
9.1296534018e+01 5.0111212036e+00
9.1810012837e+01 5.0211558065e+00
9.2323491656e+01 5.0312016652e+00
9.2836970475e+01 5.0412613516e+00
9.3350449294e+01 5.0513375778e+00
9.3863928113e+01 5.0614332032e+00
9.4377406932e+01 5.0715512399e+00
9.4890885751e+01 5.0816948591e+00
9.5404364570e+01 5.0918673957e+00
9.5917843389e+01 5.1020723531e+00
9.6431322208e+01 5.1123134073e+00
9.6944801027e+01 5.1225944101e+00
9.7458279846e+01 5.1329193917e+00
9.7971758665e+01 5.1432925633e+00
9.8485237484e+01 5.1537183175e+00
9.8998716303e+01 5.1642012293e+00
9.9512195122e+01 5.1747460558e+00
1.0002567394e+02 5.1853577572e+00
1.0053915276e+02 5.1960645365e+00
1.0105263158e+02 5.2068858997e+00
1.0156611040e+02 5.2178182624e+00
1.0207958922e+02 5.2288580401e+00
1.0259306804e+02 5.2400016482e+00
1.0310654685e+02 5.2512455023e+00
1.0362002567e+02 5.2625860178e+00
1.0413350449e+02 5.2740196103e+00
1.0464698331e+02 5.2855426952e+00
1.0516046213e+02 5.2971516880e+00
1.0567394095e+02 5.3088430042e+00
1.0618741977e+02 5.3206130594e+00
1.0670089859e+02 5.3324582688e+00
1.0721437741e+02 5.3443750482e+00
1.0772785623e+02 5.3563598129e+00
1.0824133504e+02 5.3684089785e+00
1.0875481386e+02 5.3805189604e+00
1.0926829268e+02 5.3926861742e+00
1.0978177150e+02 5.4049070352e+00
1.1029525032e+02 5.4171779591e+00
1.1080872914e+02 5.4294953613e+00
1.1132220796e+02 5.4418556573e+00
1.1183568678e+02 5.4542552625e+00
1.1234916560e+02 5.4666905926e+00
1.1286264442e+02 5.4791580629e+00
1.1337612323e+02 5.4916540889e+00
1.1388960205e+02 5.5041750862e+00
1.1440308087e+02 5.5167174702e+00
1.1491655969e+02 5.5292776564e+00
1.1543003851e+02 5.5418520604e+00
1.1594351733e+02 5.5544370975e+00
1.1645699615e+02 5.5670291834e+00
1.1697047497e+02 5.5796247334e+00
1.1748395379e+02 5.5922201631e+00
1.1799743261e+02 5.6048118879e+00
1.1851091142e+02 5.6173963234e+00
1.1902439024e+02 5.6299698850e+00
1.1953786906e+02 5.6425289883e+00
1.2005134788e+02 5.6550700487e+00
1.2056482670e+02 5.6675894817e+00
1.2107830552e+02 5.6800837028e+00
1.2159178434e+02 5.6925491274e+00
1.2210526316e+02 5.7049821712e+00
1.2261874198e+02 5.7173792495e+00
1.2313222080e+02 5.7297367779e+00
1.2364569962e+02 5.7420511719e+00
1.2415917843e+02 5.7543188468e+00
1.2467265725e+02 5.7665362183e+00
1.2518613607e+02 5.7786997019e+00
1.2569961489e+02 5.7908057129e+00
1.2621309371e+02 5.8028506669e+00
1.2672657253e+02 5.8148309794e+00
1.2724005135e+02 5.8267430659e+00
1.2775353017e+02 5.8385833419e+00
1.2826700899e+02 5.8503482228e+00
1.2878048781e+02 5.8620341242e+00
1.2929396662e+02 5.8736374615e+00
1.2980744544e+02 5.8851546502e+00
1.3032092426e+02 5.8965821059e+00
1.3083440308e+02 5.9079162439e+00
1.3134788190e+02 5.9191534799e+00
1.3186136072e+02 5.9302902292e+00
1.3237483954e+02 5.9413229074e+00
1.3288831836e+02 5.9522479300e+00
1.3340179718e+02 5.9630617125e+00
1.3391527600e+02 5.9737606702e+00
1.3442875481e+02 5.9843412189e+00
1.3494223363e+02 5.9947997738e+00
1.3545571245e+02 6.0051327506e+00
1.3596919127e+02 6.0153365646e+00
1.3648267009e+02 6.0254076315e+00
1.3699614891e+02 6.0353423667e+00
1.3750962773e+02 6.0451371856e+00
1.3802310655e+02 6.0547885038e+00
1.3853658537e+02 6.0642927367e+00
1.3905006419e+02 6.0736462999e+00
1.3956354300e+02 6.0828456088e+00
1.4007702182e+02 6.0918870790e+00
1.4059050064e+02 6.1007671259e+00
1.4110397946e+02 6.1094821649e+00
1.4161745828e+02 6.1180286117e+00
1.4213093710e+02 6.1264028816e+00
1.4264441592e+02 6.1346013903e+00
1.4315789474e+02 6.1426205530e+00
1.4367137356e+02 6.1504567855e+00
1.4418485238e+02 6.1581065031e+00
1.4469833119e+02 6.1655661213e+00
1.4521181001e+02 6.1728320556e+00
1.4572528883e+02 6.1799007216e+00
1.4623876765e+02 6.1867685346e+00
1.4675224647e+02 6.1934319103e+00
1.4726572529e+02 6.1998872640e+00
1.4777920411e+02 6.2061310113e+00
1.4829268293e+02 6.2121595677e+00
1.4880616175e+02 6.2179693486e+00
1.4931964057e+02 6.2235567696e+00
1.4983311938e+02 6.2289182461e+00
1.5034659820e+02 6.2340501936e+00
1.5086007702e+02 6.2389490277e+00
1.5137355584e+02 6.2436111637e+00
1.5188703466e+02 6.2480330172e+00
1.5240051348e+02 6.2522110037e+00
1.5291399230e+02 6.2561415387e+00
1.5342747112e+02 6.2598210377e+00
1.5394094994e+02 6.2632459161e+00
1.5445442876e+02 6.2664125894e+00
1.5496790757e+02 6.2693174732e+00
1.5548138639e+02 6.2719569829e+00
1.5599486521e+02 6.2743275340e+00
1.5650834403e+02 6.2764255420e+00
1.5702182285e+02 6.2782474224e+00
1.5753530167e+02 6.2797895906e+00
1.5804878049e+02 6.2810484623e+00
1.5856225931e+02 6.2820204528e+00
1.5907573813e+02 6.2827019776e+00
1.5958921695e+02 6.2830894523e+00
1.5998973042e+02 6.2831852471e+00
1.5999486521e+02 6.2831852922e+00
1.6000000000e+02 6.2831853072e+00
9.9998973043e+02 6.2831853072e+00
1.0000000000e+03 6.2831853072e+00
