388
24.259086310348472 3.8710591146e-04
2.4309271782e+01 8.9323815386e-04
2.4383447011e+01 1.4136538705e-03
2.4490319470e+01 1.9530291594e-03
2.4629603075e+01 2.5185694514e-03
2.4800922829e+01 3.1186517896e-03
2.5003817044e+01 3.7628448779e-03
2.5237738821e+01 4.4620795399e-03
2.5502057579e+01 5.2288420616e-03
2.5796060777e+01 6.0773640774e-03
2.6118955843e+01 7.0238001556e-03
2.6469872317e+01 8.0863887418e-03
2.6847864191e+01 9.2855939931e-03
2.7251912469e+01 1.0644227288e-02
2.7680927911e+01 1.2187548450e-02
2.8133753966e+01 1.3943347965e-02
2.8609169898e+01 1.5942012890e-02
2.9105894068e+01 1.8216580369e-02
2.9622587398e+01 2.0802784022e-02
3.0157856973e+01 2.3739099618e-02
3.0710259802e+01 2.7066797404e-02
3.1278306704e+01 3.0830009395e-02
3.1860466327e+01 3.5075820557e-02
3.2455169269e+01 3.9854393327e-02
3.3060812318e+01 4.5219135124e-02
3.3675762767e+01 5.1226919411e-02
3.4298362818e+01 5.7938367764e-02
3.4926934052e+01 6.5418205745e-02
3.5559781952e+01 7.3735696387e-02
3.6195200471e+01 8.2965160322e-02
3.6831476635e+01 9.3186583971e-02
3.7466895155e+01 1.0448631307e-01
3.8099743055e+01 1.1695782421e-01
3.8728314289e+01 1.3070255396e-01
3.9350914340e+01 1.4583074292e-01
3.9965864789e+01 1.6246224864e-01
4.0571507838e+01 1.8072722209e-01
4.1166210780e+01 2.0076651890e-01
4.1748370402e+01 2.2273164242e-01
4.2316417305e+01 2.4678393525e-01
4.2868820133e+01 2.7309262525e-01
4.3404089709e+01 3.0183119568e-01
4.3920783038e+01 3.3317139030e-01
4.4417507209e+01 3.6727400033e-01
4.4892923140e+01 4.0427545162e-01
4.5345749196e+01 4.4426918893e-01
4.5774764637e+01 4.8728105814e-01
4.6178812916e+01 5.3323847530e-01
4.6556804790e+01 5.8193431201e-01
4.6907721263e+01 6.3298821010e-01
4.7230616330e+01 6.8581033135e-01
4.7524619528e+01 7.3957482777e-01
4.7788938286e+01 7.9321162846e-01
4.8022860062e+01 8.4542437418e-01
4.8225754278e+01 8.9473884311e-01
4.8397074031e+01 9.3958058343e-01
4.8536357637e+01 9.7837455632e-01
4.8643230095e+01 1.0096555920e+00
4.8717405325e+01 1.0321776349e+00
4.8758699889e+01 1.0450139011e+00
4.8769046355e+01 1.0482640794e+00
4.8771889604e+01 1.0491596482e+00
4.8776996780e+01 1.0507709244e+00
4.8784355255e+01 1.0530983864e+00
4.8793945329e+01 1.0561422183e+00
4.8805741183e+01 1.0599025529e+00
4.8819711030e+01 1.0643794504e+00
4.8835817213e+01 1.0695728426e+00
4.8854016315e+01 1.0754824631e+00
4.8874259275e+01 1.0821077649e+00
4.8896491523e+01 1.0894478271e+00
4.8920653125e+01 1.0975012498e+00
4.8946678946e+01 1.1062660397e+00
4.8974498824e+01 1.1157394854e+00
4.9004037764e+01 1.1259180240e+00
4.9035216131e+01 1.1367971006e+00
4.9067949877e+01 1.1483710209e+00
4.9102150756e+01 1.1606328004e+00
4.9137726568e+01 1.1735740112e+00
4.9174581408e+01 1.1871846295e+00
4.9212615921e+01 1.2014528861e+00
4.9251727574e+01 1.2163651253e+00
4.9291810927e+01 1.2319056722e+00
4.9332757924e+01 1.2480567173e+00
4.9374458179e+01 1.2647982169e+00
4.9416799275e+01 1.2821078193e+00
4.9459667067e+01 1.2999608159e+00
4.9502945993e+01 1.3183301244e+00
4.9546519380e+01 1.3371863057e+00
4.9590269760e+01 1.3564976190e+00
4.9634079193e+01 1.3762301151e+00
4.9677829574e+01 1.3963477702e+00
4.9721402960e+01 1.4168126605e+00
4.9764681886e+01 1.4375851744e+00
4.9807549678e+01 1.4586242620e+00
4.9849890774e+01 1.4798877152e+00
4.9891591029e+01 1.5013324791e+00
4.9932538026e+01 1.5229149763e+00
4.9972621379e+01 1.5445914535e+00
5.0011733032e+01 1.5663183305e+00
5.0049767545e+01 1.5880525479e+00
5.0086622385e+01 1.6097519070e+00
5.0122198198e+01 1.6313753918e+00
5.0156399076e+01 1.6528834689e+00
5.0189132822e+01 1.6742383578e+00
5.0220311190e+01 1.6954042684e+00
5.0249850129e+01 1.7163475972e+00
5.0277670007e+01 1.7370370909e+00
5.0303695828e+01 1.7574439624e+00
5.0327857430e+01 1.7775419686e+00
5.0350089678e+01 1.7973074459e+00
5.0370332639e+01 1.8167193051e+00
5.0388531740e+01 1.8357589838e+00
5.0404637923e+01 1.8544103499e+00
5.0418607770e+01 1.8726595362e+00
5.0430403624e+01 1.8904946511e+00
5.0439993699e+01 1.9079051735e+00
5.0447352173e+01 1.9248803125e+00
5.0452459349e+01 1.9414024885e+00
5.0455302598e+01 1.9573982868e+00
5.0462292918e+01 1.9392795128e+00
5.0489284236e+01 1.9036435299e+00
5.0537824430e+01 1.8710013425e+00
5.0607891300e+01 1.8412725593e+00
5.0699438545e+01 1.8140469226e+00
5.0812404257e+01 1.7890108101e+00
5.0946711763e+01 1.7658416732e+00
5.1102269821e+01 1.7442497511e+00
5.1278972721e+01 1.7239826869e+00
5.1476700373e+01 1.7047879602e+00
5.1695318394e+01 1.6864658730e+00
5.1934678197e+01 1.6687968416e+00
5.2194617098e+01 1.6516212729e+00
5.2474958424e+01 1.6347460297e+00
5.2775511636e+01 1.6180427162e+00
5.3096072455e+01 1.6013389679e+00
5.3436423006e+01 1.5845315370e+00
5.3796331960e+01 1.5674646676e+00
5.4175554698e+01 1.5500565786e+00
5.4573833471e+01 1.5321655979e+00
5.4990897580e+01 1.5137297985e+00
5.5426463556e+01 1.4946207235e+00
5.5880235357e+01 1.4747965846e+00
5.6351904566e+01 1.4541429256e+00
5.6841150600e+01 1.4326401513e+00
5.7347640933e+01 1.4101901911e+00
5.7871031315e+01 1.3867992596e+00
5.8410966011e+01 1.3623894458e+00
5.8967078042e+01 1.3369975111e+00
5.9538989432e+01 1.3105703419e+00
6.0126311467e+01 1.2831802735e+00
6.0728644960e+01 1.2548035320e+00
6.1345580520e+01 1.2255520420e+00
6.1976698832e+01 1.1954344047e+00
6.2621570939e+01 1.1646034764e+00
6.3279758540e+01 1.1331001536e+00
6.3950814281e+01 1.1011152934e+00
6.4634282062e+01 1.0687176173e+00
6.5329697348e+01 1.0361279111e+00
6.6036587482e+01 1.0034336137e+00
6.6754472010e+01 9.7087273247e-01
6.7482863002e+01 9.3853890407e-01
6.8221265391e+01 9.0667206513e-01
6.8969177303e+01 8.7535861828e-01
6.9726090401e+01 8.4482555784e-01
7.0491490232e+01 8.1514060375e-01
7.1264856570e+01 7.8650620666e-01
7.2045663781e+01 7.5896411098e-01
7.2833381168e+01 7.3268556512e-01
7.3627473340e+01 7.0768394826e-01
7.4427400572e+01 6.8409771281e-01
7.5232619175e+01 6.6191373597e-01
7.6042581862e+01 6.4124005334e-01
7.6856738122e+01 6.2204168442e-01
7.7674534593e+01 6.0440097032e-01
7.8495415441e+01 5.8826690442e-01
7.9318822732e+01 5.7370176682e-01
8.0144196818e+01 5.6064333992e-01
8.0970976714e+01 5.4914045002e-01
8.1798600477e+01 5.3912571942e-01
8.2626505594e+01 5.3063589180e-01
8.3454129357e+01 5.2360224898e-01
8.4280909253e+01 5.1805440503e-01
8.5106283339e+01 5.1392480415e-01
8.5929690630e+01 5.1123640861e-01
8.6750571478e+01 5.0992281820e-01
8.7568367949e+01 5.1000458711e-01
8.8382524209e+01 5.1141606789e-01
8.9192486896e+01 5.1417396435e-01
8.9997705499e+01 5.1821123227e-01
9.0797632731e+01 5.2354401771e-01
9.1591724903e+01 5.3010516178e-01
9.2379442290e+01 5.3790120507e-01
9.3160249501e+01 5.4686453175e-01
9.3933615839e+01 5.5699497063e-01
9.4699015669e+01 5.6822062941e-01
9.5455928768e+01 5.8053313846e-01
9.6203840680e+01 5.9385448252e-01
9.6942243069e+01 6.0816684202e-01
9.7670634061e+01 6.2338456819e-01
9.8388518589e+01 6.3947963086e-01
9.9095408723e+01 6.5635787389e-01
9.9790824009e+01 6.7398106736e-01
1.0047429179e+02 6.9224656538e-01
1.0114534753e+02 7.1110693720e-01
1.0180353513e+02 7.3045210574e-01
1.0244840724e+02 7.5022750905e-01
1.0307952555e+02 7.7031772097e-01
1.0369646111e+02 7.9066408604e-01
1.0429879460e+02 8.1114871826e-01
1.0488611664e+02 8.3171257991e-01
1.0545802803e+02 8.5223862403e-01
1.0601414006e+02 8.7267138006e-01
1.0655407476e+02 8.9289785292e-01
1.0707746514e+02 9.1286984816e-01
1.0758395547e+02 9.3248105862e-01
1.0807320151e+02 9.5169363669e-01
1.0854487071e+02 9.7040964446e-01
1.0899864251e+02 9.8860378259e-01
1.0943420849e+02 1.0061870044e+00
1.0985127260e+02 1.0231478721e+00
1.1024955137e+02 1.0394055566e+00
1.1062877411e+02 1.0549630890e+00
1.1098868307e+02 1.0697460621e+00
1.1132903362e+02 1.0837722238e+00
1.1164959444e+02 1.0969707538e+00
1.1195014765e+02 1.1093744899e+00
1.1223048897e+02 1.1209122873e+00
1.1249042787e+02 1.1316332345e+00
1.1272978768e+02 1.1414605172e+00
1.1294840570e+02 1.1504624625e+00
1.1314613335e+02 1.1585487180e+00
1.1332283625e+02 1.1658137165e+00
1.1347839431e+02 1.1721401484e+00
1.1361270181e+02 1.1776644793e+00
1.1372566753e+02 1.1822138586e+00
1.1381721477e+02 1.1860090884e+00
1.1388728164e+02 1.1887335756e+00
1.1393582184e+02 1.1908486692e+00
1.1396281315e+02 1.1911056541e+00
1.1399612410e+02 1.1935650312e+00
1.1411131038e+02 1.1978884193e+00
1.1431845714e+02 1.2063665212e+00
1.1461746965e+02 1.2183683989e+00
1.1500815032e+02 1.2340767053e+00
1.1549023496e+02 1.2532255150e+00
1.1606339635e+02 1.2757958713e+00
1.1672724513e+02 1.3015045272e+00
1.1748133016e+02 1.3301847839e+00
1.1832513897e+02 1.3614683536e+00
1.1925809807e+02 1.3950471512e+00
1.2027957335e+02 1.4304542511e+00
1.2138887057e+02 1.4672683363e+00
1.2258523576e+02 1.5049582466e+00
1.2386785579e+02 1.5430535584e+00
1.2523585890e+02 1.5810298784e+00
1.2668831530e+02 1.6184509989e+00
1.2822423778e+02 1.6548759017e+00
1.2984258242e+02 1.6899727636e+00
1.3154224928e+02 1.7234309575e+00
1.3332208313e+02 1.7550528207e+00
1.3518087426e+02 1.7846703645e+00
1.3711735932e+02 1.8122106955e+00
1.3913022210e+02 1.8376229712e+00
1.4121809453e+02 1.8609291935e+00
1.4337955753e+02 1.8821593887e+00
1.4561314201e+02 1.9013947069e+00
1.4791732985e+02 1.9187115523e+00
1.5029055497e+02 1.9342204196e+00
1.5273120433e+02 1.9480179941e+00
1.5523761910e+02 1.9602236656e+00
1.5780809572e+02 1.9709373053e+00
1.6044088711e+02 1.9802751961e+00
1.6313420382e+02 1.9883297312e+00
1.6588621528e+02 1.9952088108e+00
1.6869505102e+02 2.0009465756e+00
1.7155880193e+02 2.0067732747e+00
1.7447552161e+02 2.0127843638e+00
1.7744322763e+02 2.0189518685e+00
1.8045990292e+02 2.0252476531e+00
1.8352349712e+02 2.0316451431e+00
1.8663192797e+02 2.0381176561e+00
1.8978308277e+02 2.0446424335e+00
1.9297481975e+02 2.0511965452e+00
1.9620496957e+02 2.0577612757e+00
1.9947133678e+02 2.0643177566e+00
2.0277170130e+02 2.0708510354e+00
2.0610381997e+02 2.0773460314e+00
2.0946542804e+02 2.0837911030e+00
2.1285424069e+02 2.0901744884e+00
2.1626795464e+02 2.0964873634e+00
2.1970424968e+02 2.1027207728e+00
2.2316079024e+02 2.1088682339e+00
2.2663522700e+02 2.1149231069e+00
2.3012519848e+02 2.1208808201e+00
2.3362833262e+02 2.1267366077e+00
2.3714224845e+02 2.1324874343e+00
2.4066455763e+02 2.1381300256e+00
2.4419286614e+02 2.1436625648e+00
2.4772477589e+02 2.1490829462e+00
2.5125788631e+02 2.1543903068e+00
2.5478979606e+02 2.1595834424e+00
2.5831810457e+02 2.1646622264e+00
2.6184041375e+02 2.1696261374e+00
2.6535432958e+02 2.1744756090e+00
2.6885746372e+02 2.1792106252e+00
2.7234743520e+02 2.1838320375e+00
2.7582187196e+02 2.1883401925e+00
2.7927841252e+02 2.1927362450e+00
2.8271470756e+02 2.1970207868e+00
2.8612842151e+02 2.2011951816e+00
2.8951723416e+02 2.2052601641e+00
2.9287884223e+02 2.2092172173e+00
2.9621096090e+02 2.2130670996e+00
2.9951132542e+02 2.2168111931e+00
3.0277769263e+02 2.2206996734e+00
3.0600784245e+02 2.2245893861e+00
3.0919957943e+02 2.2283913993e+00
3.1235073423e+02 2.2321042007e+00
3.1545916509e+02 2.2357270279e+00
3.1852275928e+02 2.2392588455e+00
3.2153943457e+02 2.2426993675e+00
3.2450714059e+02 2.2460478769e+00
3.2742386027e+02 2.2493044076e+00
3.3028761118e+02 2.2524684754e+00
3.3309644692e+02 2.2555403476e+00
3.3584845838e+02 2.2585197111e+00
3.3854177510e+02 2.2614070069e+00
3.4117456648e+02 2.2642020456e+00
3.4374504310e+02 2.2669053980e+00
3.4625145787e+02 2.2695169603e+00
3.4869210723e+02 2.2720373992e+00
3.5106533235e+02 2.2744666654e+00
3.5336952019e+02 2.2768054960e+00
3.5560310467e+02 2.2790538693e+00
3.5776456767e+02 2.2812125748e+00
3.5985244010e+02 2.2832815942e+00
3.6186530289e+02 2.2852617569e+00
3.6380178794e+02 2.2871530262e+00
3.6566057907e+02 2.2889562650e+00
3.6744041293e+02 2.2906713960e+00
3.6914007978e+02 2.2922993152e+00
3.7075842442e+02 2.2938398812e+00
3.7229434690e+02 2.2952940299e+00
3.7374680330e+02 2.2966615288e+00
3.7511480641e+02 2.2979433687e+00
3.7639742644e+02 2.2991391918e+00
3.7759379163e+02 2.3002500725e+00
3.7870308885e+02 2.3012754806e+00
3.7972456413e+02 2.3022166221e+00
3.8065752323e+02 2.3030727238e+00
3.8150133204e+02 2.3038452078e+00
3.8225541707e+02 2.3045329409e+00
3.8291926585e+02 2.3051377193e+00
3.8349242724e+02 2.3056578281e+00
3.8397451188e+02 2.3060957811e+00
3.8436519255e+02 2.3064487731e+00
3.8466420506e+02 2.3067210322e+00
3.8487135182e+02 2.3069070117e+00
3.8498653810e+02 2.3070197688e+00
3.9499857662e+02 2.3158862868e+00
4.3759460108e+02 2.3504383253e+00
5.1410757467e+02 2.4018470269e+00
6.2434828004e+02 2.4590624099e+00
7.6802161851e+02 2.5148020143e+00
9.4474077230e+02 2.5659348700e+00
1.1540295048e+03 2.6118010720e+00
1.3953236790e+03 2.6528744964e+00
1.6679728407e+03 2.6899211993e+00
1.9712419927e+03 2.7237571863e+00
2.3043135844e+03 2.7550522790e+00
2.6662897194e+03 2.7843931415e+00
3.0561945775e+03 2.8122142779e+00
3.4729770466e+03 2.8388888303e+00
3.9155135563e+03 2.8646885463e+00
4.3826111076e+03 2.8898433868e+00
4.8730104889e+03 2.9145323976e+00
5.3853896706e+03 2.9388930258e+00
5.9183673696e+03 2.9630602008e+00
6.4705067726e+03 2.9871120876e+00
7.0403194095e+03 3.0111744212e+00
7.6262691664e+03 3.0352915817e+00
8.2267764267e+03 3.0596103697e+00
8.8402223289e+03 3.0841690957e+00
9.4649531315e+03 3.1091753082e+00
1.0099284671e+04 3.1347363005e+00
1.0741506901e+04 3.1415926536e+00
1.1389888505e+04 3.1415926536e+00